device_id,date,time,temperature,RH,PM2.5,lat,lon
B827EB151749,2020-11-24,00:59:35,26.18,55.06,5.0,0.0,0.0
B827EB151749,2020-11-24,01:29:40,26.1,54.93,4.0,0.0,0.0
B827EB151749,2020-11-24,01:39:41,26.19,54.55,4.0,0.0,0.0
B827EB151749,2020-11-24,01:44:42,26.18,55.33,4.0,0.0,0.0
B827EB151749,2020-11-24,01:49:43,26.16,55.51,6.0,0.0,0.0
B827EB151749,2020-11-24,02:09:47,26.25,55.53,4.0,0.0,0.0
B827EB151749,2020-11-24,02:14:47,26.13,55.52,5.0,0.0,0.0
B827EB151749,2020-11-24,02:19:48,26.2,55.54,4.0,0.0,0.0
B827EB151749,2020-11-24,02:24:49,26.16,55.64,5.0,0.0,0.0
B827EB151749,2020-11-24,02:29:50,26.2,55.09,4.0,0.0,0.0
B827EB151749,2020-11-24,02:44:52,26.22,55.75,4.0,0.0,0.0
B827EB151749,2020-11-24,02:49:53,26.23,55.84,5.0,0.0,0.0
B827EB151749,2020-11-24,03:55:05,26.29,55.11,5.0,0.0,0.0
B827EB151749,2020-11-24,04:00:06,26.27,54.94,7.0,0.0,0.0
B827EB151749,2020-11-24,04:05:07,26.27,55.01,6.0,0.0,0.0
B827EB151749,2020-11-24,04:30:11,26.29,55.28,4.0,0.0,0.0
B827EB151749,2020-11-24,05:20:19,26.22,54.86,5.0,0.0,0.0
B827EB151749,2020-11-24,05:40:23,26.09,54.68,6.0,0.0,0.0
B827EB151749,2020-11-24,07:10:39,26.25,52.21,3.0,0.0,0.0
B827EB151749,2020-11-24,07:25:41,26.27,52.35,4.0,0.0,0.0
B827EB151749,2020-11-24,07:55:46,26.37,52.71,2.0,0.0,0.0
B827EB151749,2020-11-24,08:00:47,26.34,52.67,4.0,0.0,0.0
B827EB151749,2020-11-24,08:05:48,26.43,52.44,4.0,0.0,0.0
B827EB151749,2020-11-24,08:25:51,26.32,52.62,4.0,0.0,0.0
B827EB151749,2020-11-24,08:40:54,26.4,52.39,3.0,0.0,0.0
B827EB151749,2020-11-24,08:45:55,26.32,52.24,3.0,0.0,0.0
B827EB151749,2020-11-24,08:50:56,26.3,51.9,3.0,0.0,0.0
B827EB151749,2020-11-24,08:55:57,26.3,52.07,4.0,0.0,0.0
B827EB151749,2020-11-24,09:05:58,26.23,52.1,4.0,0.0,0.0
B827EB151749,2020-11-24,10:26:18,26.33,52.07,3.0,0.0,0.0
B827EB151749,2020-11-24,10:41:21,26.3,51.88,3.0,0.0,0.0
B827EB151749,2020-11-24,11:16:27,26.19,51.87,2.0,0.0,0.0
B827EB151749,2020-11-24,13:46:58,26.25,50.67,1.0,0.0,0.0
B827EB151749,2020-11-24,14:22:12,26.22,50.78,1.0,0.0,0.0
B827EB151749,2020-11-24,14:27:13,26.3,50.89,2.0,0.0,0.0
B827EB151749,2020-11-24,14:32:14,26.2,50.86,2.0,0.0,0.0
B827EB151749,2020-11-24,15:07:20,26.2,50.84,1.0,0.0,0.0
B827EB151749,2020-11-24,15:27:23,26.15,51.26,2.0,0.0,0.0
B827EB151749,2020-11-24,15:32:24,26.2,51.47,1.0,0.0,0.0
B827EB151749,2020-11-24,15:47:27,26.16,51.49,1.0,0.0,0.0
B827EB151749,2020-11-24,15:57:29,26.13,51.1,2.0,0.0,0.0
B827EB151749,2020-11-24,17:37:47,26.12,51.28,0.0,0.0,0.0
B827EB151749,2020-11-24,18:58:04,26.18,51.42,2.0,0.0,0.0
B827EB151749,2020-11-24,19:03:06,26.18,51.54,2.0,0.0,0.0
B827EB151749,2020-11-24,19:08:07,26.19,51.68,2.0,0.0,0.0
B827EB151749,2020-11-24,19:13:07,26.2,51.38,0.0,0.0,0.0
B827EB151749,2020-11-24,19:18:08,26.13,51.47,2.0,0.0,0.0
B827EB151749,2020-11-24,19:23:09,26.08,51.63,2.0,0.0,0.0
B827EB151749,2020-11-24,19:28:11,26.08,51.88,1.0,0.0,0.0
B827EB151749,2020-11-24,19:33:12,26.09,51.88,2.0,0.0,0.0
B827EB151749,2020-11-24,19:43:13,26.06,51.63,2.0,0.0,0.0
B827EB151749,2020-11-24,19:48:14,26.05,51.78,2.0,0.0,0.0
B827EB151749,2020-11-24,19:53:15,26.15,51.48,0.0,0.0,0.0
B827EB151749,2020-11-24,19:58:16,26.05,51.62,1.0,0.0,0.0
B827EB151749,2020-11-24,20:03:17,26.09,51.49,2.0,0.0,0.0
B827EB151749,2020-11-24,20:08:18,26.06,51.68,1.0,0.0,0.0
B827EB151749,2020-11-24,20:13:18,26.08,51.68,1.0,0.0,0.0
B827EB151749,2020-11-24,20:18:19,26.13,51.57,1.0,0.0,0.0
B827EB151749,2020-11-24,20:23:20,26.1,51.59,2.0,0.0,0.0
B827EB151749,2020-11-24,20:28:21,26.08,52.07,0.0,0.0,0.0
B827EB151749,2020-11-24,20:33:22,26.12,51.6,0.0,0.0,0.0
B827EB151749,2020-11-24,20:38:22,26.15,51.42,1.0,0.0,0.0
B827EB151749,2020-11-24,20:43:23,26.1,51.39,1.0,0.0,0.0
B827EB151749,2020-11-24,20:48:24,26.08,51.55,2.0,0.0,0.0
B827EB151749,2020-11-24,20:53:25,26.09,51.68,0.0,0.0,0.0
B827EB151749,2020-11-24,20:58:25,26.05,51.59,2.0,0.0,0.0
B827EB151749,2020-11-24,21:03:26,26.1,51.67,1.0,0.0,0.0
B827EB151749,2020-11-24,21:08:27,26.1,51.88,1.0,0.0,0.0
B827EB151749,2020-11-24,21:13:28,0.0,0.0,0.0,0.0,0.0
B827EB151749,2020-11-24,21:18:29,26.09,51.42,1.0,0.0,0.0
B827EB151749,2020-11-24,21:23:30,26.08,51.39,2.0,0.0,0.0
B827EB151749,2020-11-24,21:28:31,26.05,51.44,2.0,0.0,0.0
B827EB151749,2020-11-24,21:33:39,26.1,51.57,1.0,0.0,0.0
B827EB151749,2020-11-24,21:38:39,26.06,51.15,2.0,0.0,0.0
B827EB151749,2020-11-24,21:43:40,26.05,51.48,2.0,0.0,0.0
B827EB151749,2020-11-24,21:48:41,26.06,51.49,1.0,0.0,0.0
B827EB151749,2020-11-24,21:53:42,26.05,51.73,1.0,0.0,0.0
B827EB151749,2020-11-24,21:58:50,26.1,52.3,2.0,0.0,0.0
B827EB151749,2020-11-24,22:03:51,26.16,51.27,2.0,0.0,0.0
B827EB151749,2020-11-24,22:08:51,26.08,51.39,1.0,0.0,0.0
B827EB151749,2020-11-24,22:43:57,26.06,51.13,1.0,0.0,0.0
B827EB151749,2020-11-24,22:59:00,26.09,51.32,1.0,0.0,0.0
B827EB151749,2020-11-24,23:04:01,26.09,51.52,1.0,0.0,0.0
B827EB151749,2020-11-24,23:09:02,26.15,51.13,1.0,0.0,0.0
B827EB151749,2020-11-24,23:14:03,26.18,51.88,0.0,0.0,0.0
B827EB151749,2020-11-24,23:24:04,26.19,51.9,1.0,0.0,0.0
B827EB151749,2020-11-24,23:29:05,26.22,51.63,1.0,0.0,0.0
B827EB151749,2020-11-24,23:34:06,26.2,52.07,1.0,0.0,0.0
B827EB151749,2020-11-24,23:39:07,26.2,51.93,0.0,0.0,0.0
B827EB151749,2020-11-24,23:54:10,26.18,51.64,2.0,0.0,0.0
B827EB37A814,2020-11-24,00:30:11,27.63,56.08,14.0,0.0,0.0
B827EB37A814,2020-11-24,00:35:12,27.62,56.07,13.0,0.0,0.0
B827EB37A814,2020-11-24,00:40:13,27.62,56.15,12.0,0.0,0.0
B827EB37A814,2020-11-24,00:45:14,27.65,56.47,13.0,0.0,0.0
B827EB37A814,2020-11-24,01:05:18,27.65,56.31,12.0,0.0,0.0
B827EB37A814,2020-11-24,01:15:20,27.68,56.14,12.0,0.0,0.0
B827EB37A814,2020-11-24,01:20:20,27.69,56.07,12.0,0.0,0.0
B827EB37A814,2020-11-24,02:20:31,27.84,55.72,13.0,0.0,0.0
B827EB37A814,2020-11-24,02:25:35,27.86,55.43,13.0,0.0,0.0
B827EB37A814,2020-11-24,02:30:35,27.86,55.08,12.0,0.0,0.0
B827EB37A814,2020-11-24,02:35:36,27.88,55.03,13.0,0.0,0.0
B827EB37A814,2020-11-24,02:40:37,27.88,55.32,13.0,0.0,0.0
B827EB37A814,2020-11-24,02:45:38,27.9,55.26,12.0,0.0,0.0
B827EB37A814,2020-11-24,03:15:43,27.95,54.89,12.0,0.0,0.0
B827EB37A814,2020-11-24,03:20:44,27.94,54.75,14.0,0.0,0.0
B827EB37A814,2020-11-24,03:25:44,27.93,54.75,14.0,0.0,0.0
B827EB37A814,2020-11-24,03:30:45,27.94,54.99,14.0,0.0,0.0
B827EB37A814,2020-11-24,03:55:49,28.07,56.0,13.0,0.0,0.0
B827EB37A814,2020-11-24,04:10:51,28.18,55.83,15.0,0.0,0.0
B827EB37A814,2020-11-24,04:15:52,28.14,55.89,13.0,0.0,0.0
B827EB37A814,2020-11-24,04:20:53,28.21,55.69,14.0,0.0,0.0
B827EB37A814,2020-11-24,04:25:54,28.21,55.91,14.0,0.0,0.0
B827EB37A814,2020-11-24,04:30:54,28.21,55.74,13.0,0.0,0.0
B827EB37A814,2020-11-24,04:35:55,28.25,55.64,13.0,0.0,0.0
B827EB37A814,2020-11-24,04:40:56,28.28,55.5,15.0,0.0,0.0
B827EB37A814,2020-11-24,04:45:57,28.25,55.32,11.0,0.0,0.0
B827EB37A814,2020-11-24,04:50:58,28.29,55.31,13.0,0.0,0.0
B827EB37A814,2020-11-24,04:55:58,28.31,55.07,12.0,0.0,0.0
B827EB37A814,2020-11-24,05:00:59,28.34,54.99,14.0,0.0,0.0
B827EB37A814,2020-11-24,05:06:00,28.34,54.85,13.0,0.0,0.0
B827EB37A814,2020-11-24,05:11:01,28.31,54.92,13.0,0.0,0.0
B827EB37A814,2020-11-24,05:16:02,28.36,54.82,12.0,0.0,0.0
B827EB37A814,2020-11-24,05:26:03,28.35,54.75,10.0,0.0,0.0
B827EB37A814,2020-11-24,05:31:04,28.32,54.85,12.0,0.0,0.0
B827EB37A814,2020-11-24,06:01:09,28.38,54.8,12.0,0.0,0.0
B827EB37A814,2020-11-24,07:16:22,28.47,53.44,12.0,0.0,0.0
B827EB37A814,2020-11-24,07:51:28,28.36,53.01,11.0,0.0,0.0
B827EB37A814,2020-11-24,09:11:49,28.17,52.7,12.0,0.0,0.0
B827EB37A814,2020-11-24,09:41:54,28.11,52.61,11.0,0.0,0.0
B827EB37A814,2020-11-24,09:56:56,28.14,52.57,9.0,0.0,0.0
B827EB37A814,2020-11-24,10:01:57,28.11,52.31,10.0,0.0,0.0
B827EB37A814,2020-11-24,10:37:03,27.95,52.12,10.0,0.0,0.0
B827EB37A814,2020-11-24,10:42:04,27.99,52.29,10.0,0.0,0.0
B827EB37A814,2020-11-24,10:47:05,27.95,52.2,10.0,0.0,0.0
B827EB37A814,2020-11-24,10:52:05,27.95,52.17,8.0,0.0,0.0
B827EB37A814,2020-11-24,10:57:06,27.93,52.23,9.0,0.0,0.0
B827EB37A814,2020-11-24,11:02:07,27.9,52.48,10.0,0.0,0.0
B827EB37A814,2020-11-24,11:07:08,27.88,52.51,10.0,0.0,0.0
B827EB37A814,2020-11-24,11:12:09,27.9,52.32,10.0,0.0,0.0
B827EB37A814,2020-11-24,11:17:10,27.88,52.25,9.0,0.0,0.0
B827EB37A814,2020-11-24,11:22:10,27.86,52.16,11.0,0.0,0.0
B827EB37A814,2020-11-24,13:12:34,27.7,51.45,10.0,0.0,0.0
B827EB37A814,2020-11-24,15:13:03,28.14,53.44,11.0,0.0,0.0
B827EB37A814,2020-11-24,16:03:12,28.19,55.05,12.0,0.0,0.0
B827EB37A814,2020-11-24,18:28:38,28.28,57.38,12.0,0.0,0.0
B827EB37A814,2020-11-24,18:48:41,28.27,57.73,13.0,0.0,0.0
B827EB37A814,2020-11-24,18:53:43,28.28,57.56,14.0,0.0,0.0
B827EB37A814,2020-11-24,19:04:46,28.27,57.71,12.0,0.0,0.0
B827EB37A814,2020-11-24,19:09:48,28.25,57.92,12.0,0.0,0.0
B827EB37A814,2020-11-24,19:14:49,28.25,57.95,11.0,0.0,0.0
B827EB37A814,2020-11-24,19:19:50,28.25,57.97,11.0,0.0,0.0
B827EB37A814,2020-11-24,19:24:51,28.24,58.03,13.0,0.0,0.0
B827EB37A814,2020-11-24,19:29:51,28.22,58.13,11.0,0.0,0.0
B827EB37A814,2020-11-24,19:34:52,28.24,58.03,12.0,0.0,0.0
B827EB37A814,2020-11-24,19:39:53,28.25,58.11,13.0,0.0,0.0
B827EB37A814,2020-11-24,19:44:54,28.25,58.26,13.0,0.0,0.0
B827EB37A814,2020-11-24,19:49:55,28.24,58.14,13.0,0.0,0.0
B827EB37A814,2020-11-24,19:54:56,28.24,58.29,13.0,0.0,0.0
B827EB37A814,2020-11-24,19:59:57,28.24,58.11,13.0,0.0,0.0
B827EB37A814,2020-11-24,20:04:57,28.25,58.14,11.0,0.0,0.0
B827EB37A814,2020-11-24,20:09:58,28.25,58.09,14.0,0.0,0.0
B827EB37A814,2020-11-24,20:14:59,28.27,58.12,13.0,0.0,0.0
B827EB37A814,2020-11-24,20:20:00,28.24,58.09,13.0,0.0,0.0
B827EB37A814,2020-11-24,20:25:01,28.24,58.03,11.0,0.0,0.0
B827EB37A814,2020-11-24,20:30:01,28.24,58.06,13.0,0.0,0.0
B827EB37A814,2020-11-24,20:35:02,28.24,57.97,13.0,0.0,0.0
B827EB37A814,2020-11-24,20:40:03,28.24,57.99,14.0,0.0,0.0
B827EB37A814,2020-11-24,20:45:04,28.22,58.08,13.0,0.0,0.0
B827EB37A814,2020-11-24,20:50:05,28.21,58.12,14.0,0.0,0.0
B827EB37A814,2020-11-24,20:55:05,28.22,58.08,13.0,0.0,0.0
B827EB37A814,2020-11-24,21:00:06,28.24,57.99,12.0,0.0,0.0
B827EB37A814,2020-11-24,21:10:08,28.18,58.14,13.0,0.0,0.0
B827EB37A814,2020-11-24,21:15:09,28.18,58.13,14.0,0.0,0.0
B827EB37A814,2020-11-24,21:20:10,28.19,58.13,13.0,0.0,0.0
B827EB37A814,2020-11-24,21:25:10,28.19,58.11,12.0,0.0,0.0
B827EB37A814,2020-11-24,21:30:11,28.18,58.0,13.0,0.0,0.0
B827EB37A814,2020-11-24,21:35:12,28.15,58.08,11.0,0.0,0.0
B827EB37A814,2020-11-24,21:40:13,28.17,58.25,12.0,0.0,0.0
B827EB37A814,2020-11-24,21:45:13,28.15,58.11,12.0,0.0,0.0
B827EB37A814,2020-11-24,21:55:15,28.12,58.2,11.0,0.0,0.0
B827EB37A814,2020-11-24,22:00:16,28.12,58.37,14.0,0.0,0.0
B827EB37A814,2020-11-24,22:05:17,28.15,58.35,13.0,0.0,0.0
B827EB37A814,2020-11-24,22:10:18,28.14,58.3,11.0,0.0,0.0
B827EB37A814,2020-11-24,22:15:19,28.18,58.48,14.0,0.0,0.0
B827EB37A814,2020-11-24,22:20:20,28.17,58.29,13.0,0.0,0.0
B827EB37A814,2020-11-24,22:25:20,28.15,58.33,13.0,0.0,0.0
B827EB37A814,2020-11-24,22:30:21,28.14,58.64,13.0,0.0,0.0
B827EB37A814,2020-11-24,22:35:22,28.1,58.55,10.0,0.0,0.0
B827EB37A814,2020-11-24,22:40:23,28.12,58.95,13.0,0.0,0.0
B827EB37A814,2020-11-24,22:45:24,28.15,58.61,15.0,0.0,0.0
B827EB37A814,2020-11-24,22:50:25,28.14,58.7,12.0,0.0,0.0
B827EB37A814,2020-11-24,22:55:26,28.11,58.79,13.0,0.0,0.0
B827EB37A814,2020-11-24,23:00:26,28.15,58.85,12.0,0.0,0.0
B827EB37A814,2020-11-24,23:05:27,28.11,59.06,14.0,0.0,0.0
B827EB37A814,2020-11-24,23:10:28,28.12,59.18,14.0,0.0,0.0
B827EB37A814,2020-11-24,23:15:29,28.14,58.44,12.0,0.0,0.0
B827EB37A814,2020-11-24,23:20:30,0.0,0.0,0.0,0.0,0.0
B827EB37A814,2020-11-24,23:25:30,28.1,57.63,13.0,0.0,0.0
B827EB37A814,2020-11-24,23:30:31,28.04,57.22,12.0,0.0,0.0
B827EB37A814,2020-11-24,23:35:32,28.03,56.89,11.0,0.0,0.0
B827EB37A814,2020-11-24,23:40:33,28.03,56.62,10.0,0.0,0.0
B827EB37A814,2020-11-24,23:45:33,28.0,56.4,12.0,0.0,0.0
B827EB37A814,2020-11-24,23:50:34,27.95,56.02,10.0,0.0,0.0
B827EB37A814,2020-11-24,23:55:35,27.93,55.8,10.0,0.0,0.0
B827EB4D4017,2020-11-24,02:20:37,26.39,67.47,17.0,0.0,0.0
B827EB4D4017,2020-11-24,02:25:41,26.43,67.31,17.0,0.0,0.0
B827EB4D4017,2020-11-24,02:30:42,26.46,67.53,17.0,0.0,0.0
B827EB4D4017,2020-11-24,02:50:46,26.4,68.2,14.0,0.0,0.0
B827EB4D4017,2020-11-24,03:10:49,26.49,68.71,17.0,0.0,0.0
B827EB4D4017,2020-11-24,03:35:53,26.39,68.84,20.0,0.0,0.0
B827EB4D4017,2020-11-24,03:40:54,26.31,68.63,18.0,0.0,0.0
B827EB4D4017,2020-11-24,03:45:55,26.24,68.16,16.0,0.0,0.0
B827EB4D4017,2020-11-24,03:50:55,26.31,68.32,17.0,0.0,0.0
B827EB4D4017,2020-11-24,03:55:56,26.38,68.22,16.0,0.0,0.0
B827EB4D4017,2020-11-24,04:00:57,26.22,68.24,17.0,0.0,0.0
B827EB4D4017,2020-11-24,04:05:58,26.15,67.94,18.0,0.0,0.0
B827EB4D4017,2020-11-24,04:10:59,25.98,68.47,19.0,0.0,0.0
B827EB4D4017,2020-11-24,04:15:59,26.16,67.26,15.0,0.0,0.0
B827EB4D4017,2020-11-24,04:21:00,26.19,67.48,19.0,0.0,0.0
B827EB4D4017,2020-11-24,04:26:01,26.31,66.28,17.0,0.0,0.0
B827EB4D4017,2020-11-24,04:31:02,26.24,66.26,16.0,0.0,0.0
B827EB4D4017,2020-11-24,04:36:02,26.19,66.31,16.0,0.0,0.0
B827EB4D4017,2020-11-24,04:41:03,26.26,66.87,17.0,0.0,0.0
B827EB4D4017,2020-11-24,04:46:04,26.42,66.82,17.0,0.0,0.0
B827EB4D4017,2020-11-24,04:51:05,26.44,65.52,17.0,0.0,0.0
B827EB4D4017,2020-11-24,04:56:06,26.39,65.36,16.0,0.0,0.0
B827EB4D4017,2020-11-24,05:01:06,26.46,65.39,14.0,0.0,0.0
B827EB4D4017,2020-11-24,05:06:07,26.43,65.46,14.0,0.0,0.0
B827EB4D4017,2020-11-24,05:11:08,26.5,65.39,16.0,0.0,0.0
B827EB4D4017,2020-11-24,05:16:09,26.59,65.4,14.0,0.0,0.0
B827EB4D4017,2020-11-24,05:21:10,26.64,64.82,16.0,0.0,0.0
B827EB4D4017,2020-11-24,05:36:12,26.83,64.2,17.0,0.0,0.0
B827EB4D4017,2020-11-24,05:41:13,26.67,64.84,16.0,0.0,0.0
B827EB4D4017,2020-11-24,05:46:14,26.68,64.95,15.0,0.0,0.0
B827EB4D4017,2020-11-24,05:51:15,26.68,64.66,14.0,0.0,0.0
B827EB4D4017,2020-11-24,06:01:17,26.44,65.22,15.0,0.0,0.0
B827EB4D4017,2020-11-24,06:06:18,0.0,0.0,0.0,0.0,0.0
B827EB4D4017,2020-11-24,06:11:19,26.39,64.99,15.0,0.0,0.0
B827EB4D4017,2020-11-24,06:16:19,26.53,64.97,14.0,0.0,0.0
B827EB4D4017,2020-11-24,06:21:20,26.73,65.01,16.0,0.0,0.0
B827EB4D4017,2020-11-24,06:36:23,26.46,65.04,15.0,0.0,0.0
B827EB4D4017,2020-11-24,06:41:23,26.46,65.22,15.0,0.0,0.0
B827EB4D4017,2020-11-24,06:51:25,26.54,64.9,15.0,0.0,0.0
B827EB4D4017,2020-11-24,06:56:26,26.54,65.24,15.0,0.0,0.0
B827EB4D4017,2020-11-24,07:01:27,26.57,64.97,17.0,0.0,0.0
B827EB4D4017,2020-11-24,07:06:28,26.42,65.32,16.0,0.0,0.0
B827EB4D4017,2020-11-24,07:11:29,26.49,65.4,16.0,0.0,0.0
B827EB4D4017,2020-11-24,07:16:29,26.64,64.94,18.0,0.0,0.0
B827EB4D4017,2020-11-24,07:21:30,26.66,64.06,16.0,0.0,0.0
B827EB4D4017,2020-11-24,07:26:31,26.66,64.13,16.0,0.0,0.0
B827EB4D4017,2020-11-24,07:31:32,26.8,63.32,14.0,0.0,0.0
B827EB4D4017,2020-11-24,07:36:33,26.71,63.76,14.0,0.0,0.0
B827EB4D4017,2020-11-24,07:41:34,26.78,63.58,14.0,0.0,0.0
B827EB4D4017,2020-11-24,07:46:35,26.77,63.56,14.0,0.0,0.0
B827EB4D4017,2020-11-24,07:51:35,26.83,63.41,14.0,0.0,0.0
B827EB4D4017,2020-11-24,07:56:36,26.78,63.71,14.0,0.0,0.0
B827EB4D4017,2020-11-24,08:01:37,26.7,63.52,13.0,0.0,0.0
B827EB4D4017,2020-11-24,08:06:38,26.68,63.41,13.0,0.0,0.0
B827EB4D4017,2020-11-24,08:11:39,26.68,62.78,13.0,0.0,0.0
B827EB4D4017,2020-11-24,08:16:40,26.59,63.31,14.0,0.0,0.0
B827EB4D4017,2020-11-24,08:21:40,26.68,63.06,11.0,0.0,0.0
B827EB4D4017,2020-11-24,08:26:41,26.63,63.24,15.0,0.0,0.0
B827EB4D4017,2020-11-24,08:31:42,26.7,62.76,14.0,0.0,0.0
B827EB4D4017,2020-11-24,08:36:43,26.53,63.34,14.0,0.0,0.0
B827EB4D4017,2020-11-24,08:41:44,26.51,63.32,13.0,0.0,0.0
B827EB4D4017,2020-11-24,08:46:45,26.54,63.16,14.0,0.0,0.0
B827EB4D4017,2020-11-24,08:51:46,26.53,63.13,12.0,0.0,0.0
B827EB4D4017,2020-11-24,08:56:46,26.53,63.28,13.0,0.0,0.0
B827EB4D4017,2020-11-24,09:01:47,26.56,63.31,14.0,0.0,0.0
B827EB4D4017,2020-11-24,09:21:57,26.53,64.04,16.0,0.0,0.0
B827EB4D4017,2020-11-24,09:26:58,26.44,64.18,18.0,0.0,0.0
B827EB4D4017,2020-11-24,09:37:00,26.53,63.34,14.0,0.0,0.0
B827EB4D4017,2020-11-24,09:47:02,26.33,63.83,13.0,0.0,0.0
B827EB4D4017,2020-11-24,09:52:02,26.25,64.09,15.0,0.0,0.0
B827EB4D4017,2020-11-24,10:42:11,26.29,63.37,12.0,0.0,0.0
B827EB4D4017,2020-11-24,11:22:17,26.25,64.41,12.0,0.0,0.0
B827EB4D4017,2020-11-24,11:42:21,26.33,63.92,11.0,0.0,0.0
B827EB4D4017,2020-11-24,11:47:22,26.43,63.53,11.0,0.0,0.0
B827EB4D4017,2020-11-24,13:17:42,26.53,61.46,10.0,0.0,0.0
B827EB4D4017,2020-11-24,13:22:43,26.61,61.54,11.0,0.0,0.0
B827EB4D4017,2020-11-24,15:38:14,26.6,66.21,11.0,0.0,0.0
B827EB4D4017,2020-11-24,16:08:20,26.59,66.38,14.0,0.0,0.0
B827EB4D4017,2020-11-24,16:38:25,26.42,67.31,12.0,0.0,0.0
B827EB4D4017,2020-11-24,18:53:49,26.5,69.03,13.0,0.0,0.0
B827EB4D4017,2020-11-24,18:58:51,26.53,69.09,13.0,0.0,0.0
B827EB4D4017,2020-11-24,19:03:53,26.53,69.19,15.0,0.0,0.0
B827EB4D4017,2020-11-24,19:08:54,26.5,69.24,14.0,0.0,0.0
B827EB4D4017,2020-11-24,19:13:55,26.57,69.09,14.0,0.0,0.0
B827EB4D4017,2020-11-24,19:18:56,26.53,69.13,14.0,0.0,0.0
B827EB4D4017,2020-11-24,19:23:57,26.54,69.08,14.0,0.0,0.0
B827EB4D4017,2020-11-24,19:28:58,26.57,68.98,14.0,0.0,0.0
B827EB4D4017,2020-11-24,19:33:58,26.53,68.74,13.0,0.0,0.0
B827EB4D4017,2020-11-24,19:39:00,0.0,0.0,0.0,0.0,0.0
B827EB4D4017,2020-11-24,19:44:01,26.51,68.31,12.0,0.0,0.0
B827EB4D4017,2020-11-24,19:49:03,26.44,68.06,13.0,0.0,0.0
B827EB4D4017,2020-11-24,19:59:04,26.49,67.15,12.0,0.0,0.0
B827EB4D4017,2020-11-24,20:04:05,26.51,67.08,13.0,0.0,0.0
B827EB4D4017,2020-11-24,20:09:06,26.5,67.01,14.0,0.0,0.0
B827EB4D4017,2020-11-24,20:14:07,26.5,67.03,12.0,0.0,0.0
B827EB4D4017,2020-11-24,20:24:08,26.5,67.08,13.0,0.0,0.0
B827EB4D4017,2020-11-24,20:29:09,26.51,66.96,12.0,0.0,0.0
B827EB4D4017,2020-11-24,20:34:10,26.46,67.17,13.0,0.0,0.0
B827EB4D4017,2020-11-24,20:39:11,26.47,67.23,12.0,0.0,0.0
B827EB4D4017,2020-11-24,20:44:12,26.49,67.34,13.0,0.0,0.0
B827EB4D4017,2020-11-24,20:49:12,26.43,67.59,12.0,0.0,0.0
B827EB4D4017,2020-11-24,20:54:13,26.43,67.71,13.0,0.0,0.0
B827EB4D4017,2020-11-24,20:59:14,26.5,67.65,13.0,0.0,0.0
B827EB4D4017,2020-11-24,21:04:15,26.5,67.78,14.0,0.0,0.0
B827EB4D4017,2020-11-24,21:09:16,26.53,67.85,14.0,0.0,0.0
B827EB4D4017,2020-11-24,21:14:16,26.54,67.87,14.0,0.0,0.0
B827EB4D4017,2020-11-24,21:19:17,26.53,68.03,14.0,0.0,0.0
B827EB4D4017,2020-11-24,21:24:18,26.54,68.32,13.0,0.0,0.0
B827EB4D4017,2020-11-24,21:29:19,26.57,68.26,15.0,0.0,0.0
B827EB4D4017,2020-11-24,21:34:27,26.57,68.24,15.0,0.0,0.0
B827EB4D4017,2020-11-24,21:39:28,26.59,68.33,15.0,0.0,0.0
B827EB4D4017,2020-11-24,21:44:29,26.54,68.5,14.0,0.0,0.0
B827EB4D4017,2020-11-24,21:49:29,26.56,68.81,14.0,0.0,0.0
B827EB4D4017,2020-11-24,21:54:30,26.59,68.93,14.0,0.0,0.0
B827EB4D4017,2020-11-24,21:59:47,26.57,69.12,14.0,0.0,0.0
B827EB4D4017,2020-11-24,22:04:47,26.6,68.9,14.0,0.0,0.0
B827EB4D4017,2020-11-24,22:09:48,26.61,68.99,14.0,0.0,0.0
B827EB4D4017,2020-11-24,22:14:49,26.6,68.96,14.0,0.0,0.0
B827EB4D4017,2020-11-24,22:19:50,26.6,69.03,15.0,0.0,0.0
B827EB4D4017,2020-11-24,22:24:51,26.61,69.0,13.0,0.0,0.0
B827EB4D4017,2020-11-24,22:29:52,26.63,69.23,15.0,0.0,0.0
B827EB4D4017,2020-11-24,22:34:52,26.66,69.35,15.0,0.0,0.0
B827EB4D4017,2020-11-24,22:39:53,26.64,69.5,16.0,0.0,0.0
B827EB4D4017,2020-11-24,22:44:54,26.66,69.46,15.0,0.0,0.0
B827EB4D4017,2020-11-24,22:49:55,26.64,69.59,15.0,0.0,0.0
B827EB4D4017,2020-11-24,22:54:55,26.61,69.67,17.0,0.0,0.0
B827EB4D4017,2020-11-24,22:59:56,26.57,69.86,16.0,0.0,0.0
B827EB4D4017,2020-11-24,23:04:57,26.63,69.7,15.0,0.0,0.0
B827EB4D4017,2020-11-24,23:09:58,26.64,69.48,14.0,0.0,0.0
B827EB4D4017,2020-11-24,23:14:59,26.66,69.21,15.0,0.0,0.0
B827EB4D4017,2020-11-24,23:25:00,26.73,68.23,14.0,0.0,0.0
B827EB4D4017,2020-11-24,23:30:01,26.6,68.53,14.0,0.0,0.0
B827EB4D4017,2020-11-24,23:35:02,26.63,68.14,13.0,0.0,0.0
B827EB4D4017,2020-11-24,23:40:02,26.7,67.71,12.0,0.0,0.0
B827EB4D4017,2020-11-24,23:45:03,26.67,67.41,10.0,0.0,0.0
B827EB4D4017,2020-11-24,23:50:04,26.75,66.95,11.0,0.0,0.0
B827EB50C3FD,2020-11-24,00:00:53,27.48,50.64,1.0,0.0,0.0
B827EB50C3FD,2020-11-24,00:05:54,27.58,50.42,0.0,0.0,0.0
B827EB50C3FD,2020-11-24,00:10:55,27.71,50.34,2.0,0.0,0.0
B827EB50C3FD,2020-11-24,00:15:56,27.86,49.97,1.0,0.0,0.0
B827EB50C3FD,2020-11-24,00:20:57,27.96,49.7,2.0,0.0,0.0
B827EB50C3FD,2020-11-24,00:25:57,28.06,49.4,2.0,0.0,0.0
B827EB50C3FD,2020-11-24,00:30:58,28.2,49.08,1.0,0.0,0.0
B827EB50C3FD,2020-11-24,00:35:59,28.27,48.38,1.0,0.0,0.0
B827EB50C3FD,2020-11-24,00:41:00,28.3,46.89,1.0,0.0,0.0
B827EB50C3FD,2020-11-24,00:46:01,28.15,46.5,1.0,0.0,0.0
B827EB50C3FD,2020-11-24,00:51:01,28.06,46.64,2.0,0.0,0.0
B827EB50C3FD,2020-11-24,00:56:02,28.06,46.39,1.0,0.0,0.0
B827EB50C3FD,2020-11-24,01:01:03,28.11,46.11,2.0,0.0,0.0
B827EB50C3FD,2020-11-24,01:11:05,28.1,45.27,2.0,0.0,0.0
B827EB50C3FD,2020-11-24,01:16:06,28.08,44.8,2.0,0.0,0.0
B827EB50C3FD,2020-11-24,01:21:06,28.07,44.76,1.0,0.0,0.0
B827EB50C3FD,2020-11-24,01:26:07,28.02,43.6,1.0,0.0,0.0
B827EB50C3FD,2020-11-24,01:31:08,27.96,43.91,1.0,0.0,0.0
B827EB50C3FD,2020-11-24,01:36:09,27.9,43.89,1.0,0.0,0.0
B827EB50C3FD,2020-11-24,01:41:09,27.84,43.86,1.0,0.0,0.0
B827EB50C3FD,2020-11-24,01:46:10,27.79,44.13,1.0,0.0,0.0
B827EB50C3FD,2020-11-24,02:06:13,27.66,46.36,1.0,0.0,0.0
B827EB50C3FD,2020-11-24,02:11:14,27.61,47.76,1.0,0.0,0.0
B827EB50C3FD,2020-11-24,02:16:15,27.52,50.24,0.0,0.0,0.0
B827EB50C3FD,2020-11-24,02:21:16,27.56,51.96,1.0,0.0,0.0
B827EB50C3FD,2020-11-24,02:26:17,27.66,52.57,2.0,0.0,0.0
B827EB50C3FD,2020-11-24,02:31:17,27.63,52.83,2.0,0.0,0.0
B827EB50C3FD,2020-11-24,02:36:18,27.75,52.31,2.0,0.0,0.0
B827EB50C3FD,2020-11-24,02:41:19,27.87,51.76,1.0,0.0,0.0
B827EB50C3FD,2020-11-24,02:46:20,28.02,50.78,2.0,0.0,0.0
B827EB50C3FD,2020-11-24,02:51:20,28.0,49.22,2.0,0.0,0.0
B827EB50C3FD,2020-11-24,03:11:24,27.83,45.43,1.0,0.0,0.0
B827EB50C3FD,2020-11-24,03:16:24,27.79,44.97,1.0,0.0,0.0
B827EB50C3FD,2020-11-24,03:21:25,27.76,44.56,1.0,0.0,0.0
B827EB50C3FD,2020-11-24,03:26:26,27.76,44.5,2.0,0.0,0.0
B827EB50C3FD,2020-11-24,03:31:27,27.72,44.45,1.0,0.0,0.0
B827EB50C3FD,2020-11-24,03:36:28,27.68,44.48,1.0,0.0,0.0
B827EB50C3FD,2020-11-24,03:41:29,27.69,44.42,1.0,0.0,0.0
B827EB50C3FD,2020-11-24,03:46:29,27.69,44.28,2.0,0.0,0.0
B827EB50C3FD,2020-11-24,03:51:30,27.65,44.1,2.0,0.0,0.0
B827EB50C3FD,2020-11-24,03:56:31,27.63,44.33,1.0,0.0,0.0
B827EB50C3FD,2020-11-24,04:01:32,27.62,44.08,2.0,0.0,0.0
B827EB50C3FD,2020-11-24,04:06:33,27.61,44.19,2.0,0.0,0.0
B827EB50C3FD,2020-11-24,04:16:34,27.62,44.36,2.0,0.0,0.0
B827EB50C3FD,2020-11-24,04:21:35,27.62,44.29,2.0,0.0,0.0
B827EB50C3FD,2020-11-24,04:26:36,27.62,44.64,3.0,0.0,0.0
B827EB50C3FD,2020-11-24,04:31:37,27.62,46.46,1.0,0.0,0.0
B827EB50C3FD,2020-11-24,04:36:37,27.66,49.11,3.0,0.0,0.0
B827EB50C3FD,2020-11-24,04:41:38,27.61,51.1,2.0,0.0,0.0
B827EB50C3FD,2020-11-24,04:46:39,27.66,52.0,3.0,0.0,0.0
B827EB50C3FD,2020-11-24,04:51:40,27.68,52.3,2.0,0.0,0.0
B827EB50C3FD,2020-11-24,04:56:41,27.76,51.73,3.0,0.0,0.0
B827EB50C3FD,2020-11-24,05:01:41,27.83,50.63,2.0,0.0,0.0
B827EB50C3FD,2020-11-24,05:06:42,27.86,49.39,1.0,0.0,0.0
B827EB50C3FD,2020-11-24,05:11:43,27.82,48.51,3.0,0.0,0.0
B827EB50C3FD,2020-11-24,05:16:44,27.72,47.54,2.0,0.0,0.0
B827EB50C3FD,2020-11-24,05:21:45,27.63,46.31,2.0,0.0,0.0
B827EB50C3FD,2020-11-24,05:26:45,27.56,46.11,0.0,0.0,0.0
B827EB50C3FD,2020-11-24,05:31:46,27.59,45.87,0.0,0.0,0.0
B827EB50C3FD,2020-11-24,05:36:47,27.55,45.28,2.0,0.0,0.0
B827EB50C3FD,2020-11-24,05:41:48,27.56,44.89,2.0,0.0,0.0
B827EB50C3FD,2020-11-24,05:46:49,27.52,44.96,2.0,0.0,0.0
B827EB50C3FD,2020-11-24,05:51:50,27.54,44.45,2.0,0.0,0.0
B827EB50C3FD,2020-11-24,08:45:41,25.49,50.64,2.0,0.0,0.0
B827EB50C3FD,2020-11-24,08:50:42,26.1,48.45,1.0,0.0,0.0
B827EB50C3FD,2020-11-24,08:55:43,26.54,47.2,1.0,0.0,0.0
B827EB50C3FD,2020-11-24,09:05:44,27.03,45.92,1.0,0.0,0.0
B827EB50C3FD,2020-11-24,09:10:45,27.21,45.11,2.0,0.0,0.0
B827EB50C3FD,2020-11-24,09:15:46,27.34,44.79,2.0,0.0,0.0
B827EB50C3FD,2020-11-24,09:20:47,27.45,44.34,1.0,0.0,0.0
B827EB50C3FD,2020-11-24,09:25:48,27.55,44.37,2.0,0.0,0.0
B827EB50C3FD,2020-11-24,09:30:49,27.63,44.66,2.0,0.0,0.0
B827EB50C3FD,2020-11-24,09:35:49,27.69,44.66,0.0,0.0,0.0
B827EB50C3FD,2020-11-24,09:40:50,27.73,44.67,1.0,0.0,0.0
B827EB50C3FD,2020-11-24,09:45:51,27.76,44.53,2.0,0.0,0.0
B827EB50C3FD,2020-11-24,09:50:52,27.77,45.13,2.0,0.0,0.0
B827EB50C3FD,2020-11-24,09:55:53,27.79,45.45,3.0,0.0,0.0
B827EB50C3FD,2020-11-24,10:15:56,28.06,49.08,0.0,0.0,0.0
B827EB50C3FD,2020-11-24,10:20:57,28.04,49.34,1.0,0.0,0.0
B827EB50C3FD,2020-11-24,10:25:58,28.04,48.67,2.0,0.0,0.0
B827EB50C3FD,2020-11-24,10:30:59,28.07,47.71,1.0,0.0,0.0
B827EB50C3FD,2020-11-24,10:36:00,28.0,46.75,1.0,0.0,0.0
B827EB50C3FD,2020-11-24,10:41:01,27.94,46.03,1.0,0.0,0.0
B827EB50C3FD,2020-11-24,10:46:01,27.91,45.44,2.0,0.0,0.0
B827EB50C3FD,2020-11-24,10:51:02,27.94,45.07,1.0,0.0,0.0
B827EB50C3FD,2020-11-24,10:56:03,27.99,44.99,0.0,0.0,0.0
B827EB50C3FD,2020-11-24,11:01:04,28.03,45.0,1.0,0.0,0.0
B827EB50C3FD,2020-11-24,11:16:08,28.13,45.77,0.0,0.0,0.0
B827EB50C3FD,2020-11-24,12:26:20,28.13,41.97,0.0,0.0,0.0
B827EB50C3FD,2020-11-24,12:31:21,28.14,41.43,0.0,0.0,0.0
B827EB50C3FD,2020-11-24,14:41:57,28.14,44.89,0.0,0.0,0.0
B827EB50C3FD,2020-11-24,15:42:07,28.62,46.73,0.0,0.0,0.0
B827EB50C3FD,2020-11-24,16:12:13,28.38,43.43,0.0,0.0,0.0
B827EB50C3FD,2020-11-24,16:17:14,28.34,42.91,1.0,0.0,0.0
B827EB50C3FD,2020-11-24,16:22:15,28.3,42.8,0.0,0.0,0.0
B827EB50C3FD,2020-11-24,16:27:16,28.32,42.96,0.0,0.0,0.0
B827EB50C3FD,2020-11-24,16:32:17,28.27,44.3,0.0,0.0,0.0
B827EB50C3FD,2020-11-24,18:42:39,28.58,47.61,0.0,0.0,0.0
B827EB50C3FD,2020-11-24,19:02:49,28.83,46.58,0.0,0.0,0.0
B827EB50C3FD,2020-11-24,19:12:54,28.82,45.0,0.0,0.0,0.0
B827EB50C3FD,2020-11-24,19:17:55,28.58,44.6,0.0,0.0,0.0
B827EB50C3FD,2020-11-24,19:22:56,28.49,44.14,0.0,0.0,0.0
B827EB50C3FD,2020-11-24,19:27:57,28.48,43.64,0.0,0.0,0.0
B827EB50C3FD,2020-11-24,19:32:58,28.45,43.27,0.0,0.0,0.0
B827EB50C3FD,2020-11-24,19:37:58,28.38,43.33,0.0,0.0,0.0
B827EB50C3FD,2020-11-24,19:42:59,28.38,44.18,0.0,0.0,0.0
B827EB50C3FD,2020-11-24,19:48:00,28.36,46.74,0.0,0.0,0.0
B827EB50C3FD,2020-11-24,19:53:01,28.38,48.24,0.0,0.0,0.0
B827EB50C3FD,2020-11-24,19:58:02,28.34,48.48,0.0,0.0,0.0
B827EB50C3FD,2020-11-24,20:03:02,28.36,48.32,0.0,0.0,0.0
B827EB50C3FD,2020-11-24,20:08:03,28.46,48.01,0.0,0.0,0.0
B827EB50C3FD,2020-11-24,20:13:04,28.52,47.81,0.0,0.0,0.0
B827EB50C3FD,2020-11-24,20:18:05,28.61,47.56,0.0,0.0,0.0
B827EB50C3FD,2020-11-24,20:23:05,28.66,47.32,0.0,0.0,0.0
B827EB50C3FD,2020-11-24,20:28:06,28.8,46.98,0.0,0.0,0.0
B827EB50C3FD,2020-11-24,20:33:07,28.83,46.77,0.0,0.0,0.0
B827EB50C3FD,2020-11-24,20:38:08,28.89,46.53,0.0,0.0,0.0
B827EB50C3FD,2020-11-24,20:43:09,29.0,46.31,0.0,0.0,0.0
B827EB50C3FD,2020-11-24,20:48:10,29.04,46.13,0.0,0.0,0.0
B827EB50C3FD,2020-11-24,20:53:10,29.17,45.9,0.0,0.0,0.0
B827EB50C3FD,2020-11-24,20:58:11,29.15,45.83,0.0,0.0,0.0
B827EB50C3FD,2020-11-24,21:03:12,29.17,45.28,1.0,0.0,0.0
B827EB50C3FD,2020-11-24,21:13:14,28.96,43.6,0.0,0.0,0.0
B827EB50C3FD,2020-11-24,21:18:14,28.76,43.16,0.0,0.0,0.0
B827EB50C3FD,2020-11-24,21:23:15,28.65,42.91,0.0,0.0,0.0
B827EB50C3FD,2020-11-24,21:28:16,28.56,42.43,0.0,0.0,0.0
B827EB50C3FD,2020-11-24,21:33:18,28.52,42.21,0.0,0.0,0.0
B827EB50C3FD,2020-11-24,21:53:21,28.39,48.11,0.0,0.0,0.0
B827EB50C3FD,2020-11-24,21:58:38,28.43,48.7,0.0,0.0,0.0
B827EB50C3FD,2020-11-24,22:43:45,28.31,45.55,0.0,0.0,0.0
B827EB50C3FD,2020-11-24,22:58:47,28.17,45.55,0.0,0.0,0.0
B827EB50C3FD,2020-11-24,23:08:49,28.23,48.27,0.0,0.0,0.0
B827EB50C3FD,2020-11-24,23:13:50,28.35,48.14,0.0,0.0,0.0
B827EB50C3FD,2020-11-24,23:18:51,28.35,48.09,0.0,0.0,0.0
B827EB50C3FD,2020-11-24,23:28:52,28.53,47.78,0.0,0.0,0.0
B827EB50C3FD,2020-11-24,23:38:54,28.77,47.24,0.0,0.0,0.0
B827EB6733A4,2020-11-24,02:35:46,27.39,49.15,0.0,0.0,0.0
B827EB6733A4,2020-11-24,02:40:47,27.32,48.87,1.0,0.0,0.0
B827EB6733A4,2020-11-24,03:10:52,27.36,49.7,2.0,0.0,0.0
B827EB6733A4,2020-11-24,03:20:53,27.39,49.81,1.0,0.0,0.0
B827EB6733A4,2020-11-24,04:16:04,27.44,48.78,4.0,0.0,0.0
B827EB6733A4,2020-11-24,04:21:04,27.43,49.09,3.0,0.0,0.0
B827EB6733A4,2020-11-24,06:16:24,27.5,48.94,2.0,0.0,0.0
B827EB6733A4,2020-11-24,07:01:32,27.47,49.41,3.0,0.0,0.0
B827EB6733A4,2020-11-24,07:06:33,27.54,49.3,2.0,0.0,0.0
B827EB6733A4,2020-11-24,09:17:02,27.53,48.19,3.0,0.0,0.0
B827EB6733A4,2020-11-24,10:07:11,27.56,47.92,1.0,0.0,0.0
B827EB6733A4,2020-11-24,10:12:11,27.57,48.08,2.0,0.0,0.0
B827EB6733A4,2020-11-24,10:17:12,27.56,47.9,1.0,0.0,0.0
B827EB6733A4,2020-11-24,10:22:13,27.58,47.73,1.0,0.0,0.0
B827EB6733A4,2020-11-24,10:27:14,27.57,47.99,2.0,0.0,0.0
B827EB6733A4,2020-11-24,10:32:15,27.53,48.44,2.0,0.0,0.0
B827EB6733A4,2020-11-24,11:02:20,27.54,48.0,1.0,0.0,0.0
B827EB6733A4,2020-11-24,11:12:21,27.54,48.28,2.0,0.0,0.0
B827EB6733A4,2020-11-24,11:17:22,27.53,48.19,1.0,0.0,0.0
B827EB6733A4,2020-11-24,12:07:31,27.49,48.6,2.0,0.0,0.0
B827EB6733A4,2020-11-24,12:42:41,27.47,48.26,1.0,0.0,0.0
B827EB6733A4,2020-11-24,13:27:49,27.5,48.01,1.0,0.0,0.0
B827EB6733A4,2020-11-24,13:32:50,27.46,47.85,1.0,0.0,0.0
B827EB6733A4,2020-11-24,13:52:54,27.5,47.82,1.0,0.0,0.0
B827EB6733A4,2020-11-24,13:57:55,27.5,47.89,1.0,0.0,0.0
B827EB6733A4,2020-11-24,14:07:57,27.5,47.72,1.0,0.0,0.0
B827EB6733A4,2020-11-24,14:13:05,27.5,47.76,2.0,0.0,0.0
B827EB6733A4,2020-11-24,16:43:32,27.43,48.11,1.0,0.0,0.0
B827EB6733A4,2020-11-24,16:53:34,27.43,48.13,1.0,0.0,0.0
B827EB6733A4,2020-11-24,18:03:46,27.4,48.43,1.0,0.0,0.0
B827EB6733A4,2020-11-24,18:53:56,27.43,48.51,1.0,0.0,0.0
B827EB6733A4,2020-11-24,18:59:04,27.44,48.37,0.0,0.0,0.0
B827EB6733A4,2020-11-24,19:04:05,27.43,48.52,1.0,0.0,0.0
B827EB6733A4,2020-11-24,19:09:06,27.43,48.37,1.0,0.0,0.0
B827EB6733A4,2020-11-24,19:14:07,27.41,48.47,1.0,0.0,0.0
B827EB6733A4,2020-11-24,19:19:08,27.43,48.56,2.0,0.0,0.0
B827EB6733A4,2020-11-24,19:24:09,27.43,48.44,1.0,0.0,0.0
B827EB6733A4,2020-11-24,19:29:10,27.41,48.33,1.0,0.0,0.0
B827EB6733A4,2020-11-24,19:34:10,27.44,48.54,1.0,0.0,0.0
B827EB6733A4,2020-11-24,19:39:11,27.4,48.44,1.0,0.0,0.0
B827EB6733A4,2020-11-24,19:44:12,27.43,48.32,0.0,0.0,0.0
B827EB6733A4,2020-11-24,19:49:13,27.39,48.53,0.0,0.0,0.0
B827EB6733A4,2020-11-24,19:54:13,27.4,48.53,2.0,0.0,0.0
B827EB6733A4,2020-11-24,19:59:14,27.43,48.44,0.0,0.0,0.0
B827EB6733A4,2020-11-24,20:04:15,27.43,48.38,1.0,0.0,0.0
B827EB6733A4,2020-11-24,20:14:16,27.41,48.56,1.0,0.0,0.0
B827EB6733A4,2020-11-24,20:19:17,27.4,48.52,1.0,0.0,0.0
B827EB6733A4,2020-11-24,20:24:18,27.37,48.59,1.0,0.0,0.0
B827EB6733A4,2020-11-24,20:29:19,27.4,48.57,1.0,0.0,0.0
B827EB6733A4,2020-11-24,20:34:19,27.44,48.29,0.0,0.0,0.0
B827EB6733A4,2020-11-24,20:39:20,27.43,48.21,0.0,0.0,0.0
B827EB6733A4,2020-11-24,20:44:21,27.43,48.31,1.0,0.0,0.0
B827EB6733A4,2020-11-24,20:49:22,27.43,48.37,1.0,0.0,0.0
B827EB6733A4,2020-11-24,20:54:23,27.41,48.47,1.0,0.0,0.0
B827EB6733A4,2020-11-24,20:59:23,27.39,48.44,0.0,0.0,0.0
B827EB6733A4,2020-11-24,21:04:24,27.37,48.52,1.0,0.0,0.0
B827EB6733A4,2020-11-24,21:09:25,27.4,48.44,0.0,0.0,0.0
B827EB6733A4,2020-11-24,21:14:26,27.4,48.41,1.0,0.0,0.0
B827EB6733A4,2020-11-24,21:19:27,27.39,48.36,1.0,0.0,0.0
B827EB6733A4,2020-11-24,21:24:27,27.4,48.6,1.0,0.0,0.0
B827EB6733A4,2020-11-24,21:29:28,27.41,48.74,1.0,0.0,0.0
B827EB6733A4,2020-11-24,21:34:32,27.4,48.48,1.0,0.0,0.0
B827EB6733A4,2020-11-24,21:39:33,27.39,48.6,1.0,0.0,0.0
B827EB6733A4,2020-11-24,22:09:53,27.43,48.75,1.0,0.0,0.0
B827EB6733A4,2020-11-24,22:14:54,27.49,48.49,1.0,0.0,0.0
B827EB6733A4,2020-11-24,22:19:55,27.44,48.48,0.0,0.0,0.0
B827EB6733A4,2020-11-24,22:39:58,27.41,48.63,1.0,0.0,0.0
B827EB6733A4,2020-11-24,22:44:59,27.43,48.51,1.0,0.0,0.0
B827EB6733A4,2020-11-24,22:50:00,27.44,48.5,1.0,0.0,0.0
B827EB6733A4,2020-11-24,22:55:01,27.41,48.54,0.0,0.0,0.0
B827EB6733A4,2020-11-24,23:00:01,27.4,48.76,0.0,0.0,0.0
B827EB6733A4,2020-11-24,23:20:05,27.4,48.93,1.0,0.0,0.0
B827EB6733A4,2020-11-24,23:25:06,27.43,48.65,1.0,0.0,0.0
B827EB6733A4,2020-11-24,23:55:10,27.41,48.51,1.0,0.0,0.0
B827EB8F4AD3,2020-11-24,00:03:29,25.83,59.87,8.0,0.0,0.0
B827EB8F4AD3,2020-11-24,00:08:30,25.85,59.74,10.0,0.0,0.0
B827EB8F4AD3,2020-11-24,00:13:31,25.83,60.42,12.0,0.0,0.0
B827EB8F4AD3,2020-11-24,00:18:32,25.84,59.98,10.0,0.0,0.0
B827EB8F4AD3,2020-11-24,00:23:33,25.76,60.96,12.0,0.0,0.0
B827EB8F4AD3,2020-11-24,00:28:34,25.84,60.9,10.0,0.0,0.0
B827EB8F4AD3,2020-11-24,01:03:40,25.77,61.31,11.0,0.0,0.0
B827EB8F4AD3,2020-11-24,01:08:41,25.84,61.37,11.0,0.0,0.0
B827EB8F4AD3,2020-11-24,01:13:43,25.81,61.25,11.0,0.0,0.0
B827EB8F4AD3,2020-11-24,01:18:43,25.8,60.99,11.0,0.0,0.0
B827EB8F4AD3,2020-11-24,01:23:44,25.83,60.5,11.0,0.0,0.0
B827EB8F4AD3,2020-11-24,01:28:45,25.81,60.63,9.0,0.0,0.0
B827EB8F4AD3,2020-11-24,02:18:53,25.88,62.17,12.0,0.0,0.0
B827EB8F4AD3,2020-11-24,02:23:54,25.87,62.34,11.0,0.0,0.0
B827EB8F4AD3,2020-11-24,02:28:55,25.9,61.87,11.0,0.0,0.0
B827EB8F4AD3,2020-11-24,02:33:56,25.9,61.45,11.0,0.0,0.0
B827EB8F4AD3,2020-11-24,02:38:56,25.95,61.71,11.0,0.0,0.0
B827EB8F4AD3,2020-11-24,02:43:57,25.94,62.12,12.0,0.0,0.0
B827EB8F4AD3,2020-11-24,02:48:58,25.95,62.37,10.0,0.0,0.0
B827EB8F4AD3,2020-11-24,02:53:59,25.97,62.5,12.0,0.0,0.0
B827EB8F4AD3,2020-11-24,03:14:02,25.95,61.46,12.0,0.0,0.0
B827EB8F4AD3,2020-11-24,03:19:03,25.92,61.19,11.0,0.0,0.0
B827EB8F4AD3,2020-11-24,03:24:04,25.92,61.23,12.0,0.0,0.0
B827EB8F4AD3,2020-11-24,03:29:04,25.91,61.66,15.0,0.0,0.0
B827EB8F4AD3,2020-11-24,03:34:05,25.95,61.79,34.0,0.0,0.0
B827EB8F4AD3,2020-11-24,03:39:06,25.92,62.08,19.0,0.0,0.0
B827EB8F4AD3,2020-11-24,03:44:07,25.92,61.62,29.0,0.0,0.0
B827EB8F4AD3,2020-11-24,03:49:08,25.92,61.97,30.0,0.0,0.0
B827EB8F4AD3,2020-11-24,03:54:08,25.94,61.39,18.0,0.0,0.0
B827EB8F4AD3,2020-11-24,03:59:09,25.94,61.78,20.0,0.0,0.0
B827EB8F4AD3,2020-11-24,04:04:10,25.97,61.74,16.0,0.0,0.0
B827EB8F4AD3,2020-11-24,04:09:11,25.98,61.22,15.0,0.0,0.0
B827EB8F4AD3,2020-11-24,04:14:12,25.97,61.7,18.0,0.0,0.0
B827EB8F4AD3,2020-11-24,04:19:13,25.98,61.51,14.0,0.0,0.0
B827EB8F4AD3,2020-11-24,04:24:14,26.01,61.64,13.0,0.0,0.0
B827EB8F4AD3,2020-11-24,04:29:14,26.01,60.99,12.0,0.0,0.0
B827EB8F4AD3,2020-11-24,04:34:15,25.98,60.69,11.0,0.0,0.0
B827EB8F4AD3,2020-11-24,04:39:16,0.0,0.0,0.0,0.0,0.0
B827EB8F4AD3,2020-11-24,04:44:17,25.97,60.93,12.0,0.0,0.0
B827EB8F4AD3,2020-11-24,04:49:18,0.0,0.0,0.0,0.0,0.0
B827EB8F4AD3,2020-11-24,04:54:18,25.95,60.22,12.0,0.0,0.0
B827EB8F4AD3,2020-11-24,04:59:19,25.98,60.2,11.0,0.0,0.0
B827EB8F4AD3,2020-11-24,05:04:20,25.94,60.64,11.0,0.0,0.0
B827EB8F4AD3,2020-11-24,05:09:21,26.0,60.46,11.0,0.0,0.0
B827EB8F4AD3,2020-11-24,05:14:22,26.02,60.77,12.0,0.0,0.0
B827EB8F4AD3,2020-11-24,05:19:22,26.04,60.52,12.0,0.0,0.0
B827EB8F4AD3,2020-11-24,05:24:23,26.11,60.35,10.0,0.0,0.0
B827EB8F4AD3,2020-11-24,05:29:24,26.02,60.82,11.0,0.0,0.0
B827EB8F4AD3,2020-11-24,05:34:25,26.01,61.09,11.0,0.0,0.0
B827EB8F4AD3,2020-11-24,05:39:41,26.01,60.82,11.0,0.0,0.0
B827EB8F4AD3,2020-11-24,05:44:42,26.08,60.64,11.0,0.0,0.0
B827EB8F4AD3,2020-11-24,05:49:43,26.08,60.14,12.0,0.0,0.0
B827EB8F4AD3,2020-11-24,05:54:44,26.07,59.95,12.0,0.0,0.0
B827EB8F4AD3,2020-11-24,05:59:44,26.05,60.08,12.0,0.0,0.0
B827EB8F4AD3,2020-11-24,06:04:45,26.07,59.94,12.0,0.0,0.0
B827EB8F4AD3,2020-11-24,06:14:47,26.05,60.0,12.0,0.0,0.0
B827EB8F4AD3,2020-11-24,06:19:48,26.11,60.02,13.0,0.0,0.0
B827EB8F4AD3,2020-11-24,06:24:49,26.09,59.68,9.0,0.0,0.0
B827EB8F4AD3,2020-11-24,06:29:49,26.09,59.95,9.0,0.0,0.0
B827EB8F4AD3,2020-11-24,06:34:50,26.05,59.99,10.0,0.0,0.0
B827EB8F4AD3,2020-11-24,06:39:51,26.09,59.94,11.0,0.0,0.0
B827EB8F4AD3,2020-11-24,06:44:52,26.14,59.7,12.0,0.0,0.0
B827EB8F4AD3,2020-11-24,06:49:53,26.08,60.38,11.0,0.0,0.0
B827EB8F4AD3,2020-11-24,07:09:56,26.15,59.5,12.0,0.0,0.0
B827EB8F4AD3,2020-11-24,07:14:57,26.14,59.45,11.0,0.0,0.0
B827EB8F4AD3,2020-11-24,07:19:57,26.14,59.6,11.0,0.0,0.0
B827EB8F4AD3,2020-11-24,07:24:58,26.12,59.02,11.0,0.0,0.0
B827EB8F4AD3,2020-11-24,07:29:59,26.11,59.43,12.0,0.0,0.0
B827EB8F4AD3,2020-11-24,07:35:00,26.12,59.99,10.0,0.0,0.0
B827EB8F4AD3,2020-11-24,07:40:01,26.24,59.11,11.0,0.0,0.0
B827EB8F4AD3,2020-11-24,07:45:02,26.18,59.31,10.0,0.0,0.0
B827EB8F4AD3,2020-11-24,07:50:02,26.14,58.92,8.0,0.0,0.0
B827EB8F4AD3,2020-11-24,07:55:03,26.16,59.25,10.0,0.0,0.0
B827EB8F4AD3,2020-11-24,08:00:04,26.15,58.85,8.0,0.0,0.0
B827EB8F4AD3,2020-11-24,08:05:05,26.15,58.28,10.0,0.0,0.0
B827EB8F4AD3,2020-11-24,08:10:06,26.12,58.28,10.0,0.0,0.0
B827EB8F4AD3,2020-11-24,08:15:06,26.11,58.21,8.0,0.0,0.0
B827EB8F4AD3,2020-11-24,08:20:07,26.11,58.07,10.0,0.0,0.0
B827EB8F4AD3,2020-11-24,08:25:08,26.09,58.35,11.0,0.0,0.0
B827EB8F4AD3,2020-11-24,08:30:09,26.11,58.06,10.0,0.0,0.0
B827EB8F4AD3,2020-11-24,08:35:10,26.11,58.09,9.0,0.0,0.0
B827EB8F4AD3,2020-11-24,08:40:11,26.11,58.58,9.0,0.0,0.0
B827EB8F4AD3,2020-11-24,08:45:11,26.14,58.07,10.0,0.0,0.0
B827EB8F4AD3,2020-11-24,08:55:13,26.08,57.88,9.0,0.0,0.0
B827EB8F4AD3,2020-11-24,09:00:14,26.09,57.71,9.0,0.0,0.0
B827EB8F4AD3,2020-11-24,09:05:15,26.01,57.63,9.0,0.0,0.0
B827EB8F4AD3,2020-11-24,09:10:15,26.05,58.41,9.0,0.0,0.0
B827EB8F4AD3,2020-11-24,09:15:16,26.07,58.04,9.0,0.0,0.0
B827EB8F4AD3,2020-11-24,09:20:17,26.09,58.02,9.0,0.0,0.0
B827EB8F4AD3,2020-11-24,09:25:18,26.07,58.43,9.0,0.0,0.0
B827EB8F4AD3,2020-11-24,09:35:27,26.15,57.63,8.0,0.0,0.0
B827EB8F4AD3,2020-11-24,09:55:30,26.05,58.24,10.0,0.0,0.0
B827EB8F4AD3,2020-11-24,10:00:31,26.07,58.32,10.0,0.0,0.0
B827EB8F4AD3,2020-11-24,10:05:32,26.07,58.41,9.0,0.0,0.0
B827EB8F4AD3,2020-11-24,10:10:48,26.07,58.32,10.0,0.0,0.0
B827EB8F4AD3,2020-11-24,10:55:55,26.07,58.19,8.0,0.0,0.0
B827EB8F4AD3,2020-11-24,11:00:56,26.0,57.86,8.0,0.0,0.0
B827EB8F4AD3,2020-11-24,11:05:57,26.02,57.82,10.0,0.0,0.0
B827EB8F4AD3,2020-11-24,11:10:58,26.0,57.58,8.0,0.0,0.0
B827EB8F4AD3,2020-11-24,11:15:58,26.02,57.63,8.0,0.0,0.0
B827EB8F4AD3,2020-11-24,11:20:59,25.95,57.82,7.0,0.0,0.0
B827EB8F4AD3,2020-11-24,11:31:01,25.95,57.02,7.0,0.0,0.0
B827EB8F4AD3,2020-11-24,11:36:09,25.97,56.58,7.0,0.0,0.0
B827EB8F4AD3,2020-11-24,11:41:10,26.0,56.79,6.0,0.0,0.0
B827EB8F4AD3,2020-11-24,11:46:11,26.01,56.58,8.0,0.0,0.0
B827EB8F4AD3,2020-11-24,11:51:12,25.97,55.96,6.0,0.0,0.0
B827EB8F4AD3,2020-11-24,11:56:12,26.0,56.54,6.0,0.0,0.0
B827EB8F4AD3,2020-11-24,12:01:13,26.01,56.56,6.0,0.0,0.0
B827EB8F4AD3,2020-11-24,12:06:14,26.01,55.88,6.0,0.0,0.0
B827EB8F4AD3,2020-11-24,12:11:15,25.97,56.45,6.0,0.0,0.0
B827EB8F4AD3,2020-11-24,12:21:17,26.0,56.89,7.0,0.0,0.0
B827EB8F4AD3,2020-11-24,13:01:25,26.01,56.05,7.0,0.0,0.0
B827EB8F4AD3,2020-11-24,13:06:26,26.04,56.24,6.0,0.0,0.0
B827EB8F4AD3,2020-11-24,13:11:27,26.04,56.32,5.0,0.0,0.0
B827EB8F4AD3,2020-11-24,13:21:29,26.05,56.27,7.0,0.0,0.0
B827EB8F4AD3,2020-11-24,13:26:30,26.07,56.02,6.0,0.0,0.0
B827EB8F4AD3,2020-11-24,13:31:31,26.08,55.85,6.0,0.0,0.0
B827EB8F4AD3,2020-11-24,13:36:31,26.07,55.75,5.0,0.0,0.0
B827EB8F4AD3,2020-11-24,13:41:32,26.07,55.98,6.0,0.0,0.0
B827EB8F4AD3,2020-11-24,13:46:33,26.05,55.82,6.0,0.0,0.0
B827EB8F4AD3,2020-11-24,13:51:34,26.02,55.85,5.0,0.0,0.0
B827EB8F4AD3,2020-11-24,13:56:35,26.04,55.95,7.0,0.0,0.0
B827EB8F4AD3,2020-11-24,14:01:36,25.97,55.74,5.0,0.0,0.0
B827EB8F4AD3,2020-11-24,15:21:49,25.88,57.47,8.0,0.0,0.0
B827EB8F4AD3,2020-11-24,15:31:50,25.88,57.8,7.0,0.0,0.0
B827EB8F4AD3,2020-11-24,15:36:51,25.91,57.39,8.0,0.0,0.0
B827EB8F4AD3,2020-11-24,15:41:52,25.88,57.57,7.0,0.0,0.0
B827EB8F4AD3,2020-11-24,15:46:52,25.87,57.67,7.0,0.0,0.0
B827EB8F4AD3,2020-11-24,15:51:53,25.88,57.82,7.0,0.0,0.0
B827EB8F4AD3,2020-11-24,15:56:54,25.91,57.67,6.0,0.0,0.0
B827EB8F4AD3,2020-11-24,16:01:55,25.88,57.74,8.0,0.0,0.0
B827EB8F4AD3,2020-11-24,16:06:56,25.88,58.48,7.0,0.0,0.0
B827EB8F4AD3,2020-11-24,16:11:57,25.87,58.5,7.0,0.0,0.0
B827EB8F4AD3,2020-11-24,16:16:57,25.92,58.91,8.0,0.0,0.0
B827EB8F4AD3,2020-11-24,16:21:58,25.92,58.27,8.0,0.0,0.0
B827EB8F4AD3,2020-11-24,16:32:00,25.9,59.04,6.0,0.0,0.0
B827EB8F4AD3,2020-11-24,16:47:02,25.88,58.97,7.0,0.0,0.0
B827EB8F4AD3,2020-11-24,16:52:03,25.85,58.78,7.0,0.0,0.0
B827EB8F4AD3,2020-11-24,16:57:04,25.9,59.0,7.0,0.0,0.0
B827EB8F4AD3,2020-11-24,17:07:06,25.9,58.64,6.0,0.0,0.0
B827EB8F4AD3,2020-11-24,17:12:06,25.87,58.91,8.0,0.0,0.0
B827EB8F4AD3,2020-11-24,17:37:11,25.9,59.1,8.0,0.0,0.0
B827EB8F4AD3,2020-11-24,17:47:12,25.92,59.59,8.0,0.0,0.0
B827EB8F4AD3,2020-11-24,17:52:13,25.94,59.11,8.0,0.0,0.0
B827EB8F4AD3,2020-11-24,17:57:14,25.95,59.23,7.0,0.0,0.0
B827EB8F4AD3,2020-11-24,18:02:14,25.98,59.67,8.0,0.0,0.0
B827EB8F4AD3,2020-11-24,18:17:17,25.97,59.95,7.0,0.0,0.0
B827EB8F4AD3,2020-11-24,18:22:18,25.87,59.23,7.0,0.0,0.0
B827EB8F4AD3,2020-11-24,18:27:19,25.88,60.02,7.0,0.0,0.0
B827EB8F4AD3,2020-11-24,18:32:19,25.9,60.03,8.0,0.0,0.0
B827EB8F4AD3,2020-11-24,18:37:20,25.9,59.92,8.0,0.0,0.0
B827EB8F4AD3,2020-11-24,18:57:25,25.88,60.05,9.0,0.0,0.0
B827EB8F4AD3,2020-11-24,19:12:30,25.9,59.66,7.0,0.0,0.0
B827EB8F4AD3,2020-11-24,19:17:32,25.88,60.07,8.0,0.0,0.0
B827EB8F4AD3,2020-11-24,19:22:33,25.9,60.01,8.0,0.0,0.0
B827EB8F4AD3,2020-11-24,19:27:33,25.91,60.22,8.0,0.0,0.0
B827EB8F4AD3,2020-11-24,19:32:34,25.85,60.55,9.0,0.0,0.0
B827EB8F4AD3,2020-11-24,19:37:35,25.85,60.61,8.0,0.0,0.0
B827EB8F4AD3,2020-11-24,19:42:36,25.85,59.75,8.0,0.0,0.0
B827EB8F4AD3,2020-11-24,19:47:37,25.85,60.28,7.0,0.0,0.0
B827EB8F4AD3,2020-11-24,19:52:37,25.88,59.81,8.0,0.0,0.0
B827EB8F4AD3,2020-11-24,19:57:38,25.84,60.23,8.0,0.0,0.0
B827EB8F4AD3,2020-11-24,20:02:39,25.83,60.04,7.0,0.0,0.0
B827EB8F4AD3,2020-11-24,20:07:40,25.87,59.8,7.0,0.0,0.0
B827EB8F4AD3,2020-11-24,20:12:41,25.84,59.7,7.0,0.0,0.0
B827EB8F4AD3,2020-11-24,20:17:41,25.87,60.74,10.0,0.0,0.0
B827EB8F4AD3,2020-11-24,20:22:42,25.92,60.24,8.0,0.0,0.0
B827EB8F4AD3,2020-11-24,20:27:43,26.0,59.43,8.0,0.0,0.0
B827EB8F4AD3,2020-11-24,20:32:44,25.91,60.01,7.0,0.0,0.0
B827EB8F4AD3,2020-11-24,20:37:45,25.85,59.5,8.0,0.0,0.0
B827EB8F4AD3,2020-11-24,20:42:46,25.9,59.74,7.0,0.0,0.0
B827EB8F4AD3,2020-11-24,20:52:47,25.91,59.7,8.0,0.0,0.0
B827EB8F4AD3,2020-11-24,20:57:48,25.85,60.22,8.0,0.0,0.0
B827EB8F4AD3,2020-11-24,21:02:49,25.87,59.94,8.0,0.0,0.0
B827EB8F4AD3,2020-11-24,21:17:51,25.95,60.08,8.0,0.0,0.0
B827EB8F4AD3,2020-11-24,21:22:52,25.92,60.2,8.0,0.0,0.0
B827EB8F4AD3,2020-11-24,21:32:53,25.91,59.09,9.0,0.0,0.0
B827EB8F4AD3,2020-11-24,22:43:05,26.0,58.24,6.0,0.0,0.0
B827EB8F4AD3,2020-11-24,22:48:06,25.97,58.2,6.0,0.0,0.0
B827EB8F4AD3,2020-11-24,22:53:06,25.97,58.35,6.0,0.0,0.0
B827EB8F4AD3,2020-11-24,22:58:07,26.0,58.4,7.0,0.0,0.0
B827EB8F4AD3,2020-11-24,23:28:12,26.08,59.81,9.0,0.0,0.0
B827EB8F4AD3,2020-11-24,23:33:13,26.07,59.78,8.0,0.0,0.0
B827EB8F4AD3,2020-11-24,23:38:13,26.04,59.49,8.0,0.0,0.0
B827EB8F4AD3,2020-11-24,23:43:14,26.02,59.03,7.0,0.0,0.0
B827EB8F4AD3,2020-11-24,23:58:17,25.98,59.5,8.0,0.0,0.0
B827EBAC19B5,2020-11-24,01:35:01,26.7,67.55,16.0,0.0,0.0
B827EBAC19B5,2020-11-24,02:25:25,27.18,64.78,15.0,0.0,0.0
B827EBAC19B5,2020-11-24,02:35:26,26.98,66.5,16.0,0.0,0.0
B827EBAC19B5,2020-11-24,02:40:27,27.15,65.86,17.0,0.0,0.0
B827EBAC19B5,2020-11-24,02:45:28,27.33,65.19,14.0,0.0,0.0
B827EBAC19B5,2020-11-24,02:50:29,27.62,64.15,14.0,0.0,0.0
B827EBAC19B5,2020-11-24,03:15:33,27.48,66.46,16.0,0.0,0.0
B827EBAC19B5,2020-11-24,03:20:34,28.01,65.42,15.0,0.0,0.0
B827EBAC19B5,2020-11-24,03:25:35,27.88,65.84,17.0,0.0,0.0
B827EBAC19B5,2020-11-24,03:30:35,27.88,65.41,14.0,0.0,0.0
B827EBAC19B5,2020-11-24,03:35:36,28.0,64.39,15.0,0.0,0.0
B827EBAC19B5,2020-11-24,03:40:37,27.87,64.72,16.0,0.0,0.0
B827EBAC19B5,2020-11-24,03:45:38,27.91,63.0,15.0,0.0,0.0
B827EBAC19B5,2020-11-24,03:50:39,27.97,63.81,15.0,0.0,0.0
B827EBAC19B5,2020-11-24,03:55:39,28.11,62.58,13.0,0.0,0.0
B827EBAC19B5,2020-11-24,04:00:40,28.24,61.79,14.0,0.0,0.0
B827EBAC19B5,2020-11-24,04:05:41,28.49,61.46,15.0,0.0,0.0
B827EBAC19B5,2020-11-24,04:10:42,28.59,60.42,15.0,0.0,0.0
B827EBAC19B5,2020-11-24,04:15:42,28.47,60.12,15.0,0.0,0.0
B827EBAC19B5,2020-11-24,04:20:59,28.38,61.81,15.0,0.0,0.0
B827EBAC19B5,2020-11-24,04:25:59,28.53,60.41,14.0,0.0,0.0
B827EBAC19B5,2020-11-24,04:36:01,28.56,60.46,15.0,0.0,0.0
B827EBAC19B5,2020-11-24,04:41:02,28.8,59.88,15.0,0.0,0.0
B827EBAC19B5,2020-11-24,04:46:03,28.7,59.28,13.0,0.0,0.0
B827EBAC19B5,2020-11-24,04:51:04,28.41,59.76,14.0,0.0,0.0
B827EBAC19B5,2020-11-24,04:56:04,28.24,60.64,13.0,0.0,0.0
B827EBAC19B5,2020-11-24,05:01:05,28.34,59.65,13.0,0.0,0.0
B827EBAC19B5,2020-11-24,05:06:06,28.19,60.43,15.0,0.0,0.0
B827EBAC19B5,2020-11-24,05:11:07,28.15,60.74,15.0,0.0,0.0
B827EBAC19B5,2020-11-24,05:21:09,28.01,60.63,14.0,0.0,0.0
B827EBAC19B5,2020-11-24,05:26:09,28.1,60.49,15.0,0.0,0.0
B827EBAC19B5,2020-11-24,05:31:10,27.94,61.31,13.0,0.0,0.0
B827EBAC19B5,2020-11-24,05:36:11,28.06,60.9,14.0,0.0,0.0
B827EBAC19B5,2020-11-24,05:46:13,28.06,62.29,13.0,0.0,0.0
B827EBAC19B5,2020-11-24,05:51:13,28.14,61.55,12.0,0.0,0.0
B827EBAC19B5,2020-11-24,05:56:14,28.36,61.07,14.0,0.0,0.0
B827EBAC19B5,2020-11-24,06:06:16,28.63,59.41,14.0,0.0,0.0
B827EBAC19B5,2020-11-24,06:11:17,28.74,59.09,13.0,0.0,0.0
B827EBAC19B5,2020-11-24,06:16:17,28.73,59.71,13.0,0.0,0.0
B827EBAC19B5,2020-11-24,06:21:18,28.71,59.85,13.0,0.0,0.0
B827EBAC19B5,2020-11-24,06:26:19,28.86,59.22,14.0,0.0,0.0
B827EBAC19B5,2020-11-24,06:31:20,28.8,58.93,15.0,0.0,0.0
B827EBAC19B5,2020-11-24,06:36:21,28.56,59.13,14.0,0.0,0.0
B827EBAC19B5,2020-11-24,06:41:22,28.34,59.8,13.0,0.0,0.0
B827EBAC19B5,2020-11-24,06:46:22,28.38,59.83,14.0,0.0,0.0
B827EBAC19B5,2020-11-24,06:51:23,28.19,60.5,14.0,0.0,0.0
B827EBAC19B5,2020-11-24,06:56:24,27.92,61.63,15.0,0.0,0.0
B827EBAC19B5,2020-11-24,07:01:25,27.92,61.41,16.0,0.0,0.0
B827EBAC19B5,2020-11-24,07:06:26,27.81,61.81,15.0,0.0,0.0
B827EBAC19B5,2020-11-24,07:11:27,27.73,62.05,15.0,0.0,0.0
B827EBAC19B5,2020-11-24,07:16:28,27.87,60.25,12.0,0.0,0.0
B827EBAC19B5,2020-11-24,07:21:29,27.91,60.35,12.0,0.0,0.0
B827EBAC19B5,2020-11-24,07:26:30,28.01,60.05,11.0,0.0,0.0
B827EBAC19B5,2020-11-24,07:31:31,27.98,59.75,13.0,0.0,0.0
B827EBAC19B5,2020-11-24,07:36:31,27.97,59.7,11.0,0.0,0.0
B827EBAC19B5,2020-11-24,07:41:32,27.67,60.83,13.0,0.0,0.0
B827EBAC19B5,2020-11-24,07:46:33,27.9,59.96,13.0,0.0,0.0
B827EBAC19B5,2020-11-24,07:51:34,27.72,60.95,12.0,0.0,0.0
B827EBAC19B5,2020-11-24,07:56:35,27.64,60.69,13.0,0.0,0.0
B827EBAC19B5,2020-11-24,08:01:35,27.63,60.6,13.0,0.0,0.0
B827EBAC19B5,2020-11-24,08:06:36,27.62,60.85,14.0,0.0,0.0
B827EBAC19B5,2020-11-24,08:11:37,27.7,60.35,12.0,0.0,0.0
B827EBAC19B5,2020-11-24,08:16:45,27.66,60.13,12.0,0.0,0.0
B827EBAC19B5,2020-11-24,08:21:46,27.57,60.38,13.0,0.0,0.0
B827EBAC19B5,2020-11-24,08:31:47,27.55,59.92,10.0,0.0,0.0
B827EBAC19B5,2020-11-24,08:36:48,27.45,60.61,12.0,0.0,0.0
B827EBAC19B5,2020-11-24,08:41:49,27.24,61.15,12.0,0.0,0.0
B827EBAC19B5,2020-11-24,08:46:50,27.15,61.39,13.0,0.0,0.0
B827EBAC19B5,2020-11-24,08:56:51,27.05,61.7,11.0,0.0,0.0
B827EBAC19B5,2020-11-24,09:01:52,26.96,62.04,14.0,0.0,0.0
B827EBAC19B5,2020-11-24,09:06:53,26.83,62.51,12.0,0.0,0.0
B827EBAC19B5,2020-11-24,09:11:54,27.01,62.04,14.0,0.0,0.0
B827EBAC19B5,2020-11-24,09:16:54,27.01,62.25,14.0,0.0,0.0
B827EBAC19B5,2020-11-24,09:21:55,26.9,62.73,14.0,0.0,0.0
B827EBAC19B5,2020-11-24,09:26:56,26.86,62.66,14.0,0.0,0.0
B827EBAC19B5,2020-11-24,09:31:57,26.8,62.71,12.0,0.0,0.0
B827EBAC19B5,2020-11-24,09:36:57,26.77,63.18,14.0,0.0,0.0
B827EBAC19B5,2020-11-24,09:41:58,26.77,62.81,13.0,0.0,0.0
B827EBAC19B5,2020-11-24,09:46:59,26.67,62.63,12.0,0.0,0.0
B827EBAC19B5,2020-11-24,09:57:01,26.71,62.71,13.0,0.0,0.0
B827EBAC19B5,2020-11-24,10:02:01,26.67,62.64,13.0,0.0,0.0
B827EBAC19B5,2020-11-24,10:07:02,26.5,63.1,12.0,0.0,0.0
B827EBAC19B5,2020-11-24,10:12:03,26.53,63.16,13.0,0.0,0.0
B827EBAC19B5,2020-11-24,10:17:04,26.38,63.42,12.0,0.0,0.0
B827EBAC19B5,2020-11-24,10:22:05,26.39,63.19,10.0,0.0,0.0
B827EBAC19B5,2020-11-24,10:27:05,26.42,63.04,11.0,0.0,0.0
B827EBAC19B5,2020-11-24,10:32:06,26.45,62.68,9.0,0.0,0.0
B827EBAC19B5,2020-11-24,10:37:07,26.55,62.43,12.0,0.0,0.0
B827EBAC19B5,2020-11-24,10:42:08,26.42,62.9,11.0,0.0,0.0
B827EBAC19B5,2020-11-24,10:47:09,26.36,63.19,12.0,0.0,0.0
B827EBAC19B5,2020-11-24,10:52:09,26.21,63.68,10.0,0.0,0.0
B827EBAC19B5,2020-11-24,10:57:10,26.08,64.58,12.0,0.0,0.0
B827EBAC19B5,2020-11-24,11:02:11,26.15,64.65,9.0,0.0,0.0
B827EBAC19B5,2020-11-24,11:07:12,26.11,64.91,13.0,0.0,0.0
B827EBAC19B5,2020-11-24,11:12:13,26.12,64.58,11.0,0.0,0.0
B827EBAC19B5,2020-11-24,11:17:14,26.18,64.45,9.0,0.0,0.0
B827EBAC19B5,2020-11-24,11:22:14,26.14,64.48,11.0,0.0,0.0
B827EBAC19B5,2020-11-24,11:27:15,26.38,63.8,13.0,0.0,0.0
B827EBAC19B5,2020-11-24,11:32:16,26.27,63.74,11.0,0.0,0.0
B827EBAC19B5,2020-11-24,11:37:17,26.38,63.38,11.0,0.0,0.0
B827EBAC19B5,2020-11-24,11:42:18,26.38,63.29,11.0,0.0,0.0
B827EBAC19B5,2020-11-24,11:47:19,26.11,64.1,11.0,0.0,0.0
B827EBAC19B5,2020-11-24,11:52:19,26.21,64.42,11.0,0.0,0.0
B827EBAC19B5,2020-11-24,11:57:20,26.25,64.12,11.0,0.0,0.0
B827EBAC19B5,2020-11-24,12:02:21,26.28,63.67,12.0,0.0,0.0
B827EBAC19B5,2020-11-24,12:07:22,26.34,62.81,10.0,0.0,0.0
B827EBAC19B5,2020-11-24,12:17:24,26.25,62.8,11.0,0.0,0.0
B827EBAC19B5,2020-11-24,12:22:24,26.14,63.37,10.0,0.0,0.0
B827EBAC19B5,2020-11-24,12:27:25,26.15,63.72,11.0,0.0,0.0
B827EBAC19B5,2020-11-24,12:32:26,26.1,63.56,10.0,0.0,0.0
B827EBAC19B5,2020-11-24,12:37:27,26.22,62.89,10.0,0.0,0.0
B827EBAC19B5,2020-11-24,12:42:28,26.18,62.36,10.0,0.0,0.0
B827EBAC19B5,2020-11-24,12:47:29,26.14,62.48,8.0,0.0,0.0
B827EBAC19B5,2020-11-24,12:52:29,26.2,62.85,9.0,0.0,0.0
B827EBAC19B5,2020-11-24,12:57:30,26.1,62.99,11.0,0.0,0.0
B827EBAC19B5,2020-11-24,13:02:31,26.1,62.93,10.0,0.0,0.0
B827EBAC19B5,2020-11-24,13:07:32,26.21,62.3,9.0,0.0,0.0
B827EBAC19B5,2020-11-24,13:12:33,26.14,62.68,11.0,0.0,0.0
B827EBAC19B5,2020-11-24,13:17:33,26.18,62.4,9.0,0.0,0.0
B827EBAC19B5,2020-11-24,13:22:34,26.24,62.16,9.0,0.0,0.0
B827EBAC19B5,2020-11-24,13:27:35,26.17,62.55,10.0,0.0,0.0
B827EBAC19B5,2020-11-24,13:32:36,26.22,62.36,9.0,0.0,0.0
B827EBAC19B5,2020-11-24,13:37:37,26.34,61.96,9.0,0.0,0.0
B827EBAC19B5,2020-11-24,13:42:37,26.21,62.41,8.0,0.0,0.0
B827EBAC19B5,2020-11-24,13:47:38,26.22,62.41,9.0,0.0,0.0
B827EBAC19B5,2020-11-24,13:52:39,26.25,62.77,9.0,0.0,0.0
B827EBAC19B5,2020-11-24,13:57:40,26.2,63.06,10.0,0.0,0.0
B827EBAC19B5,2020-11-24,14:02:41,26.52,62.29,9.0,0.0,0.0
B827EBAC19B5,2020-11-24,14:07:42,26.4,61.79,10.0,0.0,0.0
B827EBAC19B5,2020-11-24,14:17:43,26.27,62.86,9.0,0.0,0.0
B827EBAC19B5,2020-11-24,14:22:44,26.18,63.39,9.0,0.0,0.0
B827EBAC19B5,2020-11-24,14:27:45,26.22,63.47,11.0,0.0,0.0
B827EBAC19B5,2020-11-24,14:32:45,26.24,63.74,10.0,0.0,0.0
B827EBAC19B5,2020-11-24,14:42:47,26.48,63.79,13.0,0.0,0.0
B827EBAC19B5,2020-11-24,14:47:48,26.4,63.98,10.0,0.0,0.0
B827EBAC19B5,2020-11-24,14:52:49,26.21,65.08,11.0,0.0,0.0
B827EBAC19B5,2020-11-24,14:57:57,26.11,66.22,11.0,0.0,0.0
B827EBAC19B5,2020-11-24,15:02:57,26.04,66.89,13.0,0.0,0.0
B827EBAC19B5,2020-11-24,15:07:58,26.01,67.29,12.0,0.0,0.0
B827EBAC19B5,2020-11-24,15:12:59,26.27,66.62,11.0,0.0,0.0
B827EBAC19B5,2020-11-24,15:18:00,26.14,67.07,11.0,0.0,0.0
B827EBAC19B5,2020-11-24,15:23:01,26.21,66.96,10.0,0.0,0.0
B827EBAC19B5,2020-11-24,15:28:01,26.25,67.02,10.0,0.0,0.0
B827EBAC19B5,2020-11-24,15:33:02,26.14,67.62,11.0,0.0,0.0
B827EBAC19B5,2020-11-24,15:38:03,26.11,67.82,12.0,0.0,0.0
B827EBAC19B5,2020-11-24,15:43:04,26.04,67.96,13.0,0.0,0.0
B827EBAC19B5,2020-11-24,15:48:05,26.01,68.02,12.0,0.0,0.0
B827EBAC19B5,2020-11-24,15:53:05,26.08,68.04,10.0,0.0,0.0
B827EBAC19B5,2020-11-24,15:58:06,26.1,67.98,12.0,0.0,0.0
B827EBAC19B5,2020-11-24,16:03:07,26.2,67.57,13.0,0.0,0.0
B827EBAC19B5,2020-11-24,16:08:08,26.22,67.54,13.0,0.0,0.0
B827EBAC19B5,2020-11-24,16:13:09,26.2,66.95,12.0,0.0,0.0
B827EBAC19B5,2020-11-24,16:18:10,26.11,67.39,12.0,0.0,0.0
B827EBAC19B5,2020-11-24,16:23:10,26.15,67.71,10.0,0.0,0.0
B827EBAC19B5,2020-11-24,16:28:11,26.14,68.14,13.0,0.0,0.0
B827EBAC19B5,2020-11-24,16:33:12,25.91,69.12,13.0,0.0,0.0
B827EBAC19B5,2020-11-24,16:38:13,25.97,68.96,13.0,0.0,0.0
B827EBAC19B5,2020-11-24,16:43:14,25.9,69.47,11.0,0.0,0.0
B827EBAC19B5,2020-11-24,16:48:14,26.07,69.01,11.0,0.0,0.0
B827EBAC19B5,2020-11-24,16:53:15,26.04,69.41,11.0,0.0,0.0
B827EBAC19B5,2020-11-24,16:58:16,26.07,69.4,13.0,0.0,0.0
B827EBAC19B5,2020-11-24,17:03:17,26.12,69.21,14.0,0.0,0.0
B827EBAC19B5,2020-11-24,17:08:18,26.1,69.38,12.0,0.0,0.0
B827EBAC19B5,2020-11-24,17:13:18,26.17,69.22,13.0,0.0,0.0
B827EBAC19B5,2020-11-24,17:18:19,26.1,69.33,12.0,0.0,0.0
B827EBAC19B5,2020-11-24,17:23:20,26.14,69.39,13.0,0.0,0.0
B827EBAC19B5,2020-11-24,17:28:21,26.17,69.36,12.0,0.0,0.0
B827EBAC19B5,2020-11-24,17:33:22,26.17,69.47,14.0,0.0,0.0
B827EBAC19B5,2020-11-24,17:38:23,26.22,69.25,13.0,0.0,0.0
B827EBAC19B5,2020-11-24,17:43:23,26.14,69.53,13.0,0.0,0.0
B827EBAC19B5,2020-11-24,17:48:24,26.12,69.55,12.0,0.0,0.0
B827EBAC19B5,2020-11-24,17:53:25,26.32,69.12,12.0,0.0,0.0
B827EBAC19B5,2020-11-24,17:58:26,26.2,69.63,13.0,0.0,0.0
B827EBAC19B5,2020-11-24,18:03:26,26.27,69.32,14.0,0.0,0.0
B827EBAC19B5,2020-11-24,18:08:27,26.12,69.8,13.0,0.0,0.0
B827EBAC19B5,2020-11-24,18:13:28,26.25,69.68,13.0,0.0,0.0
B827EBAC19B5,2020-11-24,18:18:29,26.17,69.9,13.0,0.0,0.0
B827EBAC19B5,2020-11-24,18:28:31,26.1,70.31,12.0,0.0,0.0
B827EBAC19B5,2020-11-24,18:33:31,26.14,70.21,14.0,0.0,0.0
B827EBAC19B5,2020-11-24,18:38:32,26.21,70.15,13.0,0.0,0.0
B827EBAC19B5,2020-11-24,18:43:33,26.34,69.81,14.0,0.0,0.0
B827EBAC19B5,2020-11-24,18:48:34,26.25,70.14,14.0,0.0,0.0
B827EBAC19B5,2020-11-24,18:53:36,26.24,70.33,14.0,0.0,0.0
B827EBAC19B5,2020-11-24,18:58:40,26.29,70.21,14.0,0.0,0.0
B827EBAC19B5,2020-11-24,19:03:41,26.15,70.54,12.0,0.0,0.0
B827EBAC19B5,2020-11-24,19:08:42,26.17,70.53,14.0,0.0,0.0
B827EBAC19B5,2020-11-24,19:13:43,26.17,70.49,14.0,0.0,0.0
B827EBAC19B5,2020-11-24,19:18:44,26.15,70.47,14.0,0.0,0.0
B827EBAC19B5,2020-11-24,19:23:45,26.21,70.38,14.0,0.0,0.0
B827EBAC19B5,2020-11-24,19:28:49,26.2,70.38,13.0,0.0,0.0
B827EBAC19B5,2020-11-24,19:33:50,26.05,70.38,14.0,0.0,0.0
B827EBAC19B5,2020-11-24,19:38:51,26.07,69.99,13.0,0.0,0.0
B827EBAC19B5,2020-11-24,19:43:52,26.1,69.87,12.0,0.0,0.0
B827EBAC19B5,2020-11-24,19:48:53,26.32,68.52,13.0,0.0,0.0
B827EBAC19B5,2020-11-24,19:53:54,26.18,68.75,13.0,0.0,0.0
B827EBAC19B5,2020-11-24,19:58:55,26.21,68.24,11.0,0.0,0.0
B827EBAC19B5,2020-11-24,20:03:55,26.1,68.54,12.0,0.0,0.0
B827EBAC19B5,2020-11-24,20:08:56,26.17,68.12,14.0,0.0,0.0
B827EBAC19B5,2020-11-24,20:13:57,26.08,68.5,15.0,0.0,0.0
B827EBAC19B5,2020-11-24,20:18:58,26.05,68.8,12.0,0.0,0.0
B827EBAC19B5,2020-11-24,20:23:59,26.49,67.37,16.0,0.0,0.0
B827EBAC19B5,2020-11-24,20:28:59,26.15,68.25,12.0,0.0,0.0
B827EBAC19B5,2020-11-24,20:34:00,26.17,68.41,11.0,0.0,0.0
B827EBAC19B5,2020-11-24,20:39:01,26.1,68.67,11.0,0.0,0.0
B827EBAC19B5,2020-11-24,20:44:02,26.12,68.75,13.0,0.0,0.0
B827EBAC19B5,2020-11-24,20:49:02,26.11,68.89,11.0,0.0,0.0
B827EBAC19B5,2020-11-24,20:54:03,26.11,69.01,12.0,0.0,0.0
B827EBAC19B5,2020-11-24,20:59:04,25.98,69.52,12.0,0.0,0.0
B827EBAC19B5,2020-11-24,21:04:05,26.07,69.51,14.0,0.0,0.0
B827EBAC19B5,2020-11-24,21:09:05,26.07,69.61,14.0,0.0,0.0
B827EBAC19B5,2020-11-24,21:14:06,26.21,69.38,14.0,0.0,0.0
B827EBAC19B5,2020-11-24,21:19:07,26.17,69.63,13.0,0.0,0.0
B827EBAC19B5,2020-11-24,21:24:08,26.17,69.6,13.0,0.0,0.0
B827EBAC19B5,2020-11-24,21:29:09,26.12,69.66,12.0,0.0,0.0
B827EBAC19B5,2020-11-24,21:34:09,26.04,70.19,13.0,0.0,0.0
B827EBAC19B5,2020-11-24,21:39:10,26.04,70.26,12.0,0.0,0.0
B827EBAC19B5,2020-11-24,21:44:11,26.1,70.31,13.0,0.0,0.0
B827EBAC19B5,2020-11-24,21:49:12,26.07,70.44,14.0,0.0,0.0
B827EBAC19B5,2020-11-24,21:54:13,26.04,70.89,13.0,0.0,0.0
B827EBAC19B5,2020-11-24,21:59:14,26.05,70.54,12.0,0.0,0.0
B827EBAC19B5,2020-11-24,22:04:14,26.12,70.1,14.0,0.0,0.0
B827EBAC19B5,2020-11-24,22:09:15,26.05,70.64,15.0,0.0,0.0
B827EBAC19B5,2020-11-24,22:14:16,26.11,70.58,13.0,0.0,0.0
B827EBAC19B5,2020-11-24,22:19:17,26.05,70.86,16.0,0.0,0.0
B827EBAC19B5,2020-11-24,22:24:18,26.0,71.25,14.0,0.0,0.0
B827EBAC19B5,2020-11-24,22:29:19,26.04,71.33,14.0,0.0,0.0
B827EBAC19B5,2020-11-24,22:34:19,26.08,71.35,14.0,0.0,0.0
B827EBAC19B5,2020-11-24,22:39:20,26.08,71.66,13.0,0.0,0.0
B827EBAC19B5,2020-11-24,22:44:21,26.11,71.62,15.0,0.0,0.0
B827EBAC19B5,2020-11-24,22:49:22,26.15,71.44,15.0,0.0,0.0
B827EBAC19B5,2020-11-24,22:54:23,26.15,71.45,14.0,0.0,0.0
B827EBAC19B5,2020-11-24,22:59:23,26.18,71.2,13.0,0.0,0.0
B827EBAC19B5,2020-11-24,23:04:24,26.17,70.93,12.0,0.0,0.0
B827EBAC19B5,2020-11-24,23:09:25,26.29,70.74,12.0,0.0,0.0
B827EBAC19B5,2020-11-24,23:14:26,26.34,70.15,14.0,0.0,0.0
B827EBAC19B5,2020-11-24,23:19:27,26.22,70.27,13.0,0.0,0.0
B827EBAC19B5,2020-11-24,23:24:28,26.28,69.8,14.0,0.0,0.0
B827EBAC19B5,2020-11-24,23:29:28,26.34,69.41,13.0,0.0,0.0
B827EBAC19B5,2020-11-24,23:34:29,26.38,68.7,12.0,0.0,0.0
B827EBAC19B5,2020-11-24,23:39:30,26.43,68.86,11.0,0.0,0.0
B827EBAC19B5,2020-11-24,23:44:31,26.56,67.11,9.0,0.0,0.0
B827EBAC19B5,2020-11-24,23:49:32,26.6,67.24,10.0,0.0,0.0
B827EBAC19B5,2020-11-24,23:54:32,26.73,66.39,9.0,0.0,0.0
B827EBAC19B5,2020-11-24,23:59:33,26.87,65.93,11.0,0.0,0.0
B827EBAF88E3,2020-11-24,00:49:56,30.18,47.15,4.0,0.0,0.0
B827EBAF88E3,2020-11-24,02:20:12,30.1,46.96,5.0,0.0,0.0
B827EBAF88E3,2020-11-24,04:35:36,30.45,44.42,5.0,0.0,0.0
B827EBAF88E3,2020-11-24,04:40:37,30.42,44.54,5.0,0.0,0.0
B827EBAF88E3,2020-11-24,04:45:38,30.42,44.64,6.0,0.0,0.0
B827EBAF88E3,2020-11-24,05:00:40,30.44,44.57,6.0,0.0,0.0
B827EBAF88E3,2020-11-24,05:05:41,30.41,44.56,7.0,0.0,0.0
B827EBAF88E3,2020-11-24,05:10:42,30.38,44.65,8.0,0.0,0.0
B827EBAF88E3,2020-11-24,06:35:57,29.99,34.65,8.0,0.0,0.0
B827EBAF88E3,2020-11-24,07:21:05,30.2,33.8,9.0,0.0,0.0
B827EBAF88E3,2020-11-24,07:31:06,30.23,33.45,7.0,0.0,0.0
B827EBAF88E3,2020-11-24,07:46:09,30.31,33.23,6.0,0.0,0.0
B827EBAF88E3,2020-11-24,08:31:16,30.47,32.68,5.0,0.0,0.0
B827EBAF88E3,2020-11-24,11:36:55,29.2,35.23,2.0,0.0,0.0
B827EBAF88E3,2020-11-24,11:51:57,29.14,35.28,3.0,0.0,0.0
B827EBAF88E3,2020-11-24,11:56:58,29.13,35.41,3.0,0.0,0.0
B827EBAF88E3,2020-11-24,12:01:59,29.11,35.73,1.0,0.0,0.0
B827EBAF88E3,2020-11-24,12:37:09,28.97,35.45,3.0,0.0,0.0
B827EBAF88E3,2020-11-24,13:37:20,28.83,36.43,4.0,0.0,0.0
B827EBAF88E3,2020-11-24,13:42:21,28.86,36.57,3.0,0.0,0.0
B827EBAF88E3,2020-11-24,14:02:25,28.82,36.45,2.0,0.0,0.0
B827EBAF88E3,2020-11-24,14:52:42,28.78,36.33,0.0,0.0,0.0
B827EBAF88E3,2020-11-24,15:02:43,28.72,36.3,2.0,0.0,0.0
B827EBAF88E3,2020-11-24,16:48:02,28.75,37.24,3.0,0.0,0.0
B827EBAF88E3,2020-11-24,17:28:09,28.76,37.85,2.0,0.0,0.0
B827EBAF88E3,2020-11-24,17:33:10,28.75,37.58,2.0,0.0,0.0
B827EBAF88E3,2020-11-24,17:53:14,28.75,37.82,2.0,0.0,0.0
B827EBAF88E3,2020-11-24,18:13:17,28.72,37.59,2.0,0.0,0.0
B827EBAF88E3,2020-11-24,18:18:18,28.69,37.5,2.0,0.0,0.0
B827EBAF88E3,2020-11-24,18:33:20,28.73,37.71,2.0,0.0,0.0
B827EBAF88E3,2020-11-24,18:48:23,28.69,37.67,2.0,0.0,0.0
B827EBAF88E3,2020-11-24,18:58:25,28.69,37.54,2.0,0.0,0.0
B827EBAF88E3,2020-11-24,19:03:26,28.68,37.59,1.0,0.0,0.0
B827EBAF88E3,2020-11-24,19:08:27,28.68,37.67,2.0,0.0,0.0
B827EBAF88E3,2020-11-24,19:13:28,28.69,37.72,3.0,0.0,0.0
B827EBAF88E3,2020-11-24,19:18:29,28.66,37.72,2.0,0.0,0.0
B827EBAF88E3,2020-11-24,19:23:30,28.68,37.88,3.0,0.0,0.0
B827EBAF88E3,2020-11-24,19:28:31,28.68,37.94,3.0,0.0,0.0
B827EBAF88E3,2020-11-24,19:33:32,28.66,37.98,3.0,0.0,0.0
B827EBAF88E3,2020-11-24,19:53:37,28.69,37.84,2.0,0.0,0.0
B827EBAF88E3,2020-11-24,20:03:39,28.66,38.01,2.0,0.0,0.0
B827EBAF88E3,2020-11-24,20:08:39,28.66,37.86,2.0,0.0,0.0
B827EBAF88E3,2020-11-24,20:33:43,28.65,37.92,3.0,0.0,0.0
B827EBAF88E3,2020-11-24,20:58:48,28.65,38.3,2.0,0.0,0.0
B827EBAF88E3,2020-11-24,21:03:49,28.63,38.02,2.0,0.0,0.0
B827EBAF88E3,2020-11-24,21:39:02,28.63,38.14,3.0,0.0,0.0
B827EBAF88E3,2020-11-24,21:44:02,28.62,38.05,2.0,0.0,0.0
B827EBAF88E3,2020-11-24,21:49:03,28.63,38.09,1.0,0.0,0.0
B827EBAF88E3,2020-11-24,21:54:04,28.65,38.19,3.0,0.0,0.0
B827EBAF88E3,2020-11-24,21:59:20,28.63,38.39,2.0,0.0,0.0
B827EBAF88E3,2020-11-24,22:04:21,28.61,38.17,1.0,0.0,0.0
B827EBAF88E3,2020-11-24,22:09:22,28.63,38.3,2.0,0.0,0.0
B827EBAF88E3,2020-11-24,22:14:22,28.63,38.35,1.0,0.0,0.0
B827EBAF88E3,2020-11-24,22:19:23,28.61,38.46,1.0,0.0,0.0
B827EBAF88E3,2020-11-24,22:34:26,28.65,38.34,2.0,0.0,0.0
B827EBAF88E3,2020-11-24,22:39:26,28.62,38.17,2.0,0.0,0.0
B827EBAF88E3,2020-11-24,22:44:27,28.62,38.52,3.0,0.0,0.0
B827EBAF88E3,2020-11-24,22:49:28,28.62,38.78,1.0,0.0,0.0
B827EBAF88E3,2020-11-24,22:54:29,28.61,38.67,2.0,0.0,0.0
B827EBAF88E3,2020-11-24,22:59:30,28.62,38.57,2.0,0.0,0.0
B827EBAF88E3,2020-11-24,23:04:30,28.62,38.76,3.0,0.0,0.0
B827EBAF88E3,2020-11-24,23:09:31,28.61,38.56,1.0,0.0,0.0
B827EBAF88E3,2020-11-24,23:14:32,28.62,38.31,3.0,0.0,0.0
B827EBAF88E3,2020-11-24,23:19:33,28.61,38.77,2.0,0.0,0.0
B827EBAF88E3,2020-11-24,23:24:34,28.59,38.95,2.0,0.0,0.0
B827EBAF88E3,2020-11-24,23:29:34,28.61,38.73,2.0,0.0,0.0
B827EBAF88E3,2020-11-24,23:34:35,28.61,38.89,3.0,0.0,0.0
B827EBAF88E3,2020-11-24,23:39:36,28.63,38.89,3.0,0.0,0.0
B827EBAF88E3,2020-11-24,23:44:37,28.62,38.91,2.0,0.0,0.0
B827EBAF88E3,2020-11-24,23:49:38,28.61,38.69,2.0,0.0,0.0
B827EBAF88E3,2020-11-24,23:54:38,28.59,38.72,2.0,0.0,0.0
B827EBAF88E3,2020-11-24,23:59:39,28.62,38.47,3.0,0.0,0.0
B827EBB27839,2020-11-24,02:26:18,26.63,43.16,0.0,0.0,0.0
B827EBB27839,2020-11-24,02:31:19,26.63,43.04,0.0,0.0,0.0
B827EBB27839,2020-11-24,02:36:20,26.68,42.72,0.0,0.0,0.0
B827EBB27839,2020-11-24,02:41:20,26.74,42.39,0.0,0.0,0.0
B827EBB27839,2020-11-24,02:46:21,26.82,42.17,0.0,0.0,0.0
B827EBB27839,2020-11-24,02:51:22,26.77,41.87,0.0,0.0,0.0
B827EBB27839,2020-11-24,03:11:25,26.47,42.21,0.0,0.0,0.0
B827EBB27839,2020-11-24,03:16:26,26.74,41.71,0.0,0.0,0.0
B827EBB27839,2020-11-24,03:21:27,26.7,49.46,0.0,0.0,0.0
B827EBB27839,2020-11-24,03:26:27,27.39,42.49,0.0,0.0,0.0
B827EBB27839,2020-11-24,03:36:29,27.33,41.04,0.0,0.0,0.0
B827EBB27839,2020-11-24,03:41:30,27.23,41.14,0.0,0.0,0.0
B827EBB27839,2020-11-24,03:46:30,27.34,40.88,0.0,0.0,0.0
B827EBB27839,2020-11-24,03:51:31,27.34,40.84,0.0,0.0,0.0
B827EBB27839,2020-11-24,03:56:32,27.4,40.17,0.0,0.0,0.0
B827EBB27839,2020-11-24,04:01:33,27.41,39.73,0.0,0.0,0.0
B827EBB27839,2020-11-24,04:06:34,27.56,39.41,0.0,0.0,0.0
B827EBB27839,2020-11-24,04:11:34,27.61,39.21,0.0,0.0,0.0
B827EBB27839,2020-11-24,04:31:38,27.56,39.72,0.0,0.0,0.0
B827EBB27839,2020-11-24,04:36:39,27.93,42.52,0.0,0.0,0.0
B827EBB27839,2020-11-24,05:01:43,31.3,34.46,0.0,0.0,0.0
B827EBB27839,2020-11-24,05:11:44,31.3,33.53,0.0,0.0,0.0
B827EBB27839,2020-11-24,05:31:47,30.55,34.0,0.0,0.0,0.0
B827EBB27839,2020-11-24,05:51:50,29.81,35.12,0.0,0.0,0.0
B827EBB27839,2020-11-24,05:56:51,29.65,35.48,0.0,0.0,0.0
B827EBB27839,2020-11-24,06:01:52,29.49,35.74,0.0,0.0,0.0
B827EBB27839,2020-11-24,06:06:53,29.33,35.89,0.0,0.0,0.0
B827EBB27839,2020-11-24,06:11:53,29.17,36.15,0.0,0.0,0.0
B827EBB27839,2020-11-24,06:16:54,28.97,36.42,0.0,0.0,0.0
B827EBB27839,2020-11-24,06:21:55,28.83,36.69,0.0,0.0,0.0
B827EBB27839,2020-11-24,06:26:56,28.6,37.31,0.0,0.0,0.0
B827EBB27839,2020-11-24,06:31:57,28.51,37.47,0.0,0.0,0.0
B827EBB27839,2020-11-24,06:36:57,28.36,37.58,0.0,0.0,0.0
B827EBB27839,2020-11-24,06:41:58,28.23,37.76,0.0,0.0,0.0
B827EBB27839,2020-11-24,06:46:59,28.03,37.92,0.0,0.0,0.0
B827EBB27839,2020-11-24,06:52:00,27.81,38.07,0.0,0.0,0.0
B827EBB27839,2020-11-24,06:57:01,27.74,38.26,0.0,0.0,0.0
B827EBB27839,2020-11-24,07:02:01,27.53,38.73,0.0,0.0,0.0
B827EBB27839,2020-11-24,07:07:02,27.43,39.0,0.0,0.0,0.0
B827EBB27839,2020-11-24,07:12:03,27.3,39.18,0.0,0.0,0.0
B827EBB27839,2020-11-24,07:17:04,27.22,39.31,0.0,0.0,0.0
B827EBB27839,2020-11-24,07:22:05,26.91,39.94,0.0,0.0,0.0
B827EBB27839,2020-11-24,07:27:06,26.78,39.92,0.0,0.0,0.0
B827EBB27839,2020-11-24,07:32:06,26.72,39.87,0.0,0.0,0.0
B827EBB27839,2020-11-24,07:37:07,26.61,40.12,0.0,0.0,0.0
B827EBB27839,2020-11-24,07:42:08,26.39,40.56,0.0,0.0,0.0
B827EBB27839,2020-11-24,07:47:09,26.26,41.04,0.0,0.0,0.0
B827EBB27839,2020-11-24,07:52:10,26.23,41.09,0.0,0.0,0.0
B827EBB27839,2020-11-24,07:57:10,26.16,41.39,0.0,0.0,0.0
B827EBB27839,2020-11-24,08:02:11,26.02,41.76,0.0,0.0,0.0
B827EBB27839,2020-11-24,08:07:12,25.89,41.99,0.0,0.0,0.0
B827EBB27839,2020-11-24,08:12:13,25.85,42.07,0.0,0.0,0.0
B827EBB27839,2020-11-24,08:17:21,25.63,42.19,0.0,0.0,0.0
B827EBB27839,2020-11-24,08:22:22,25.49,42.69,0.0,0.0,0.0
B827EBB27839,2020-11-24,08:27:22,25.33,42.98,0.0,0.0,0.0
B827EBB27839,2020-11-24,08:32:23,25.26,43.29,0.0,0.0,0.0
B827EBB27839,2020-11-24,08:37:24,25.19,43.19,0.0,0.0,0.0
B827EBB27839,2020-11-24,08:42:25,25.06,43.42,0.0,0.0,0.0
B827EBB27839,2020-11-24,08:47:26,24.94,43.57,0.0,0.0,0.0
B827EBB27839,2020-11-24,08:52:27,24.88,43.46,0.0,0.0,0.0
B827EBB27839,2020-11-24,08:57:27,24.75,43.91,0.0,0.0,0.0
B827EBB27839,2020-11-24,09:02:28,24.62,44.31,0.0,0.0,0.0
B827EBB27839,2020-11-24,09:07:29,0.0,0.0,0.0,0.0,0.0
B827EBB27839,2020-11-24,09:12:30,24.4,44.78,0.0,0.0,0.0
B827EBB27839,2020-11-24,09:17:31,24.28,45.13,0.0,0.0,0.0
B827EBB27839,2020-11-24,09:32:33,24.0,45.34,0.0,0.0,0.0
B827EBB27839,2020-11-24,09:37:34,23.94,45.62,0.0,0.0,0.0
B827EBB27839,2020-11-24,09:57:37,23.69,46.69,0.0,0.0,0.0
B827EBB27839,2020-11-24,10:17:40,24.22,44.99,0.0,0.0,0.0
B827EBB27839,2020-11-24,10:27:42,23.76,46.19,0.0,0.0,0.0
B827EBB27839,2020-11-24,10:32:43,23.57,46.5,0.0,0.0,0.0
B827EBB27839,2020-11-24,10:37:43,23.48,46.86,0.0,0.0,0.0
B827EBB27839,2020-11-24,10:42:44,23.46,46.97,0.0,0.0,0.0
B827EBB27839,2020-11-24,10:47:45,23.36,47.13,0.0,0.0,0.0
B827EBB27839,2020-11-24,10:52:46,23.29,47.38,0.0,0.0,0.0
B827EBB27839,2020-11-24,10:57:47,23.2,47.61,0.0,0.0,0.0
B827EBB27839,2020-11-24,11:02:47,23.21,47.57,0.0,0.0,0.0
B827EBB27839,2020-11-24,11:07:48,23.15,47.73,0.0,0.0,0.0
B827EBB27839,2020-11-24,11:12:49,23.07,47.86,0.0,0.0,0.0
B827EBB27839,2020-11-24,11:17:50,23.08,48.03,0.0,0.0,0.0
B827EBB27839,2020-11-24,11:22:51,22.93,48.37,0.0,0.0,0.0
B827EBB27839,2020-11-24,11:27:51,22.93,48.55,0.0,0.0,0.0
B827EBB27839,2020-11-24,11:32:52,22.89,48.49,0.0,0.0,0.0
B827EBB27839,2020-11-24,11:37:53,22.91,48.57,0.0,0.0,0.0
B827EBB27839,2020-11-24,11:42:54,22.81,48.79,0.0,0.0,0.0
B827EBB27839,2020-11-24,11:47:55,22.77,48.67,0.0,0.0,0.0
B827EBB27839,2020-11-24,11:52:56,22.7,48.82,0.0,0.0,0.0
B827EBB27839,2020-11-24,11:57:56,22.66,48.94,0.0,0.0,0.0
B827EBB27839,2020-11-24,12:02:57,22.72,48.94,0.0,0.0,0.0
B827EBB27839,2020-11-24,12:07:58,22.65,48.9,0.0,0.0,0.0
B827EBB27839,2020-11-24,12:12:59,22.51,49.15,0.0,0.0,0.0
B827EBB27839,2020-11-24,12:18:00,22.48,49.42,0.0,0.0,0.0
B827EBB27839,2020-11-24,12:23:00,0.0,0.0,0.0,0.0,0.0
B827EBB27839,2020-11-24,12:28:01,22.43,49.55,0.0,0.0,0.0
B827EBB27839,2020-11-24,12:33:02,22.34,49.78,0.0,0.0,0.0
B827EBB27839,2020-11-24,12:38:03,22.42,49.71,0.0,0.0,0.0
B827EBB27839,2020-11-24,12:43:04,22.32,49.66,0.0,0.0,0.0
B827EBB27839,2020-11-24,12:48:04,22.24,49.93,0.0,0.0,0.0
B827EBB27839,2020-11-24,12:53:05,22.18,50.04,0.0,0.0,0.0
B827EBB27839,2020-11-24,12:58:06,22.21,49.96,0.0,0.0,0.0
B827EBB27839,2020-11-24,13:03:07,22.1,50.1,0.0,0.0,0.0
B827EBB27839,2020-11-24,13:08:07,22.1,50.22,0.0,0.0,0.0
B827EBB27839,2020-11-24,13:13:08,22.08,50.14,0.0,0.0,0.0
B827EBB27839,2020-11-24,13:18:09,22.04,50.32,0.0,0.0,0.0
B827EBB27839,2020-11-24,13:23:10,22.05,50.23,0.0,0.0,0.0
B827EBB27839,2020-11-24,13:28:11,22.01,50.55,0.0,0.0,0.0
B827EBB27839,2020-11-24,13:33:12,21.93,50.64,0.0,0.0,0.0
B827EBB27839,2020-11-24,13:38:12,21.92,50.68,0.0,0.0,0.0
B827EBB27839,2020-11-24,13:43:13,21.81,51.0,0.0,0.0,0.0
B827EBB27839,2020-11-24,13:48:14,21.83,50.85,0.0,0.0,0.0
B827EBB27839,2020-11-24,13:53:15,21.87,50.8,0.0,0.0,0.0
B827EBB27839,2020-11-24,13:58:16,21.87,50.99,0.0,0.0,0.0
B827EBB27839,2020-11-24,14:03:16,21.93,50.96,0.0,0.0,0.0
B827EBB27839,2020-11-24,14:08:17,21.92,50.85,0.0,0.0,0.0
B827EBB27839,2020-11-24,14:13:18,21.86,51.04,0.0,0.0,0.0
B827EBB27839,2020-11-24,14:18:19,21.79,51.18,0.0,0.0,0.0
B827EBB27839,2020-11-24,14:23:20,21.76,51.36,0.0,0.0,0.0
B827EBB27839,2020-11-24,14:28:20,21.68,51.6,0.0,0.0,0.0
B827EBB27839,2020-11-24,14:33:21,21.68,51.42,0.0,0.0,0.0
B827EBB27839,2020-11-24,14:38:22,21.62,51.78,0.0,0.0,0.0
B827EBB27839,2020-11-24,14:43:23,21.59,51.97,0.0,0.0,0.0
B827EBB27839,2020-11-24,14:48:24,21.56,51.96,0.0,0.0,0.0
B827EBB27839,2020-11-24,14:58:41,21.55,52.18,0.0,0.0,0.0
B827EBB27839,2020-11-24,15:03:41,21.41,52.54,0.0,0.0,0.0
B827EBB27839,2020-11-24,15:08:42,21.45,52.59,0.0,0.0,0.0
B827EBB27839,2020-11-24,15:13:43,21.44,52.48,0.0,0.0,0.0
B827EBB27839,2020-11-24,15:18:44,21.52,52.47,0.0,0.0,0.0
B827EBB27839,2020-11-24,15:23:45,21.52,52.34,0.0,0.0,0.0
B827EBB27839,2020-11-24,15:28:45,21.49,52.58,0.0,0.0,0.0
B827EBB27839,2020-11-24,15:33:46,21.48,52.48,0.0,0.0,0.0
B827EBB27839,2020-11-24,15:38:47,21.24,53.24,0.0,0.0,0.0
B827EBB27839,2020-11-24,15:43:48,21.25,53.18,0.0,0.0,0.0
B827EBB27839,2020-11-24,15:48:49,21.24,53.15,0.0,0.0,0.0
B827EBB27839,2020-11-24,15:53:49,20.96,53.81,0.0,0.0,0.0
B827EBB27839,2020-11-24,15:58:50,20.71,54.6,0.0,0.0,0.0
B827EBB27839,2020-11-24,16:03:51,20.56,55.08,0.0,0.0,0.0
B827EBB27839,2020-11-24,16:08:52,20.82,54.5,0.0,0.0,0.0
B827EBB27839,2020-11-24,16:13:53,20.51,55.35,0.0,0.0,0.0
B827EBB27839,2020-11-24,16:18:53,20.66,54.91,0.0,0.0,0.0
B827EBB27839,2020-11-24,16:23:54,20.73,54.93,0.0,0.0,0.0
B827EBB27839,2020-11-24,16:28:55,20.65,55.34,0.0,0.0,0.0
B827EBB27839,2020-11-24,16:33:56,20.78,54.93,0.0,0.0,0.0
B827EBB27839,2020-11-24,16:38:57,20.73,55.05,0.0,0.0,0.0
B827EBB27839,2020-11-24,16:43:57,20.6,55.4,0.0,0.0,0.0
B827EBB27839,2020-11-24,16:48:58,20.79,54.94,0.0,0.0,0.0
B827EBB27839,2020-11-24,16:53:59,20.69,54.96,0.0,0.0,0.0
B827EBB27839,2020-11-24,16:59:00,20.39,56.0,0.0,0.0,0.0
B827EBB27839,2020-11-24,17:04:01,20.51,55.54,0.0,0.0,0.0
B827EBB27839,2020-11-24,17:09:02,20.45,55.91,0.0,0.0,0.0
B827EBB27839,2020-11-24,17:14:02,20.37,56.18,0.0,0.0,0.0
B827EBB27839,2020-11-24,17:19:03,20.39,55.98,0.0,0.0,0.0
B827EBB27839,2020-11-24,17:24:04,20.39,56.06,0.0,0.0,0.0
B827EBB27839,2020-11-24,17:29:05,20.3,56.11,0.0,0.0,0.0
B827EBB27839,2020-11-24,17:34:06,20.32,55.8,0.0,0.0,0.0
B827EBB27839,2020-11-24,17:39:06,20.38,55.97,0.0,0.0,0.0
B827EBB27839,2020-11-24,17:44:07,20.6,55.55,0.0,0.0,0.0
B827EBB27839,2020-11-24,17:49:08,20.66,55.4,0.0,0.0,0.0
B827EBB27839,2020-11-24,17:54:09,20.79,55.06,0.0,0.0,0.0
B827EBB27839,2020-11-24,17:59:10,20.55,55.83,0.0,0.0,0.0
B827EBB27839,2020-11-24,18:04:10,20.52,55.78,0.0,0.0,0.0
B827EBB27839,2020-11-24,18:09:11,20.79,55.22,0.0,0.0,0.0
B827EBB27839,2020-11-24,18:14:12,20.42,56.11,0.0,0.0,0.0
B827EBB27839,2020-11-24,18:19:13,20.38,56.22,0.0,0.0,0.0
B827EBB27839,2020-11-24,18:34:15,20.26,56.68,0.0,0.0,0.0
B827EBB27839,2020-11-24,18:39:16,20.27,56.67,0.0,0.0,0.0
B827EBB27839,2020-11-24,18:44:16,20.28,56.71,0.0,0.0,0.0
B827EBB27839,2020-11-24,18:49:17,20.41,56.21,0.0,0.0,0.0
B827EBB27839,2020-11-24,18:54:18,20.26,56.63,0.0,0.0,0.0
B827EBB27839,2020-11-24,18:59:20,20.19,56.78,0.0,0.0,0.0
B827EBB27839,2020-11-24,19:04:23,20.47,56.17,0.0,0.0,0.0
B827EBB27839,2020-11-24,19:09:24,20.3,56.63,0.0,0.0,0.0
B827EBB27839,2020-11-24,19:14:25,20.59,55.69,0.0,0.0,0.0
B827EBB27839,2020-11-24,19:19:29,20.23,56.6,0.0,0.0,0.0
B827EBB27839,2020-11-24,19:24:30,20.3,56.54,0.0,0.0,0.0
B827EBB27839,2020-11-24,19:29:30,20.55,55.76,0.0,0.0,0.0
B827EBB27839,2020-11-24,19:34:47,20.63,55.72,0.0,0.0,0.0
B827EBB27839,2020-11-24,19:39:48,20.72,55.49,0.0,0.0,0.0
B827EBB27839,2020-11-24,19:44:49,20.41,56.29,0.0,0.0,0.0
B827EBB27839,2020-11-24,19:54:51,20.72,55.5,0.0,0.0,0.0
B827EBB27839,2020-11-24,19:59:52,20.68,55.54,0.0,0.0,0.0
B827EBB27839,2020-11-24,20:04:52,20.6,55.49,0.0,0.0,0.0
B827EBB27839,2020-11-24,20:09:53,20.32,56.31,0.0,0.0,0.0
B827EBB27839,2020-11-24,20:14:54,20.23,56.46,0.0,0.0,0.0
B827EBB27839,2020-11-24,20:19:55,20.32,56.2,0.0,0.0,0.0
B827EBB27839,2020-11-24,20:24:55,20.45,55.9,0.0,0.0,0.0
B827EBB27839,2020-11-24,20:29:56,20.14,57.06,0.0,0.0,0.0
B827EBB27839,2020-11-24,20:34:57,20.47,55.87,0.0,0.0,0.0
B827EBB27839,2020-11-24,20:39:58,20.54,55.73,0.0,0.0,0.0
B827EBB27839,2020-11-24,20:44:59,20.62,55.65,0.0,0.0,0.0
B827EBB27839,2020-11-24,20:50:00,20.48,55.96,0.0,0.0,0.0
B827EBB27839,2020-11-24,20:55:00,20.66,55.74,0.0,0.0,0.0
B827EBB27839,2020-11-24,21:00:01,20.58,55.62,0.0,0.0,0.0
B827EBB27839,2020-11-24,21:05:02,20.54,55.98,0.0,0.0,0.0
B827EBB27839,2020-11-24,21:10:03,20.58,55.73,0.0,0.0,0.0
B827EBB27839,2020-11-24,21:15:04,20.55,55.76,0.0,0.0,0.0
B827EBB27839,2020-11-24,21:20:05,20.55,55.86,0.0,0.0,0.0
B827EBB27839,2020-11-24,21:25:05,20.51,55.79,0.0,0.0,0.0
B827EBB27839,2020-11-24,21:30:06,20.6,55.62,0.0,0.0,0.0
B827EBB27839,2020-11-24,21:35:07,20.62,55.37,0.0,0.0,0.0
B827EBB27839,2020-11-24,21:40:08,20.65,55.45,0.0,0.0,0.0
B827EBB27839,2020-11-24,21:50:10,20.56,55.48,0.0,0.0,0.0
B827EBB27839,2020-11-24,21:55:10,20.66,55.37,0.0,0.0,0.0
B827EBB27839,2020-11-24,22:00:11,20.69,55.25,0.0,0.0,0.0
B827EBB27839,2020-11-24,22:05:12,20.68,55.31,0.0,0.0,0.0
B827EBB27839,2020-11-24,22:10:13,20.71,55.32,0.0,0.0,0.0
B827EBB27839,2020-11-24,22:15:14,20.69,55.49,0.0,0.0,0.0
B827EBB27839,2020-11-24,22:20:15,20.72,55.35,0.0,0.0,0.0
B827EBB27839,2020-11-24,22:25:15,20.69,55.48,0.0,0.0,0.0
B827EBB27839,2020-11-24,22:30:16,20.71,55.36,0.0,0.0,0.0
B827EBB27839,2020-11-24,22:35:17,20.54,55.64,0.0,0.0,0.0
B827EBB27839,2020-11-24,22:40:18,20.59,55.69,0.0,0.0,0.0
B827EBB27839,2020-11-24,22:45:18,20.59,55.54,0.0,0.0,0.0
B827EBB27839,2020-11-24,22:50:19,20.54,55.79,0.0,0.0,0.0
B827EBB27839,2020-11-24,22:55:20,20.6,55.28,0.0,0.0,0.0
B827EBB27839,2020-11-24,23:00:21,20.6,55.46,0.0,0.0,0.0
B827EBB27839,2020-11-24,23:05:22,20.63,55.44,0.0,0.0,0.0
B827EBB27839,2020-11-24,23:10:23,20.6,55.64,0.0,0.0,0.0
B827EBB27839,2020-11-24,23:15:23,20.58,55.85,0.0,0.0,0.0
B827EBB27839,2020-11-24,23:20:24,20.62,55.82,0.0,0.0,0.0
B827EBB27839,2020-11-24,23:25:25,20.59,55.92,0.0,0.0,0.0
B827EBB27839,2020-11-24,23:30:26,20.68,55.53,0.0,0.0,0.0
B827EBB27839,2020-11-24,23:35:27,20.62,55.71,0.0,0.0,0.0
B827EBB27839,2020-11-24,23:40:27,20.71,55.63,0.0,0.0,0.0
B827EBB27839,2020-11-24,23:45:28,20.48,56.44,0.0,0.0,0.0
B827EBB27839,2020-11-24,23:50:29,20.63,55.89,0.0,0.0,0.0
B827EBB27839,2020-11-24,23:55:30,20.65,55.6,0.0,0.0,0.0
B827EBB32FBF,2020-11-24,00:04:38,29.99,52.66,10.0,0.0,0.0
B827EBB32FBF,2020-11-24,00:09:39,30.06,52.49,7.0,0.0,0.0
B827EBB32FBF,2020-11-24,00:14:40,30.15,52.48,9.0,0.0,0.0
B827EBB32FBF,2020-11-24,00:19:41,30.1,52.69,11.0,0.0,0.0
B827EBB32FBF,2020-11-24,00:24:42,30.11,52.59,9.0,0.0,0.0
B827EBB32FBF,2020-11-24,01:09:50,30.19,52.68,10.0,0.0,0.0
B827EBB32FBF,2020-11-24,01:24:52,30.08,53.12,8.0,0.0,0.0
B827EBB32FBF,2020-11-24,02:20:02,29.99,53.55,29.0,0.0,0.0
B827EBB32FBF,2020-11-24,02:30:19,30.08,53.31,14.0,0.0,0.0
B827EBB32FBF,2020-11-24,03:10:25,30.17,52.65,10.0,0.0,0.0
B827EBB32FBF,2020-11-24,03:15:26,30.17,52.95,9.0,0.0,0.0
B827EBB32FBF,2020-11-24,03:20:27,30.21,53.06,10.0,0.0,0.0
B827EBB32FBF,2020-11-24,03:25:28,30.26,52.88,10.0,0.0,0.0
B827EBB32FBF,2020-11-24,03:30:28,30.25,52.79,16.0,0.0,0.0
B827EBB32FBF,2020-11-24,03:35:29,30.25,52.81,14.0,0.0,0.0
B827EBB32FBF,2020-11-24,03:40:30,30.22,52.85,13.0,0.0,0.0
B827EBB32FBF,2020-11-24,03:45:31,30.31,52.44,20.0,0.0,0.0
B827EBB32FBF,2020-11-24,03:50:32,30.28,52.24,14.0,0.0,0.0
B827EBB32FBF,2020-11-24,03:55:32,30.28,52.36,14.0,0.0,0.0
B827EBB32FBF,2020-11-24,04:00:33,30.17,52.87,13.0,0.0,0.0
B827EBB32FBF,2020-11-24,04:05:34,30.15,53.04,14.0,0.0,0.0
B827EBB32FBF,2020-11-24,04:30:54,30.03,52.37,13.0,0.0,0.0
B827EBB32FBF,2020-11-24,04:45:56,30.03,52.48,13.0,0.0,0.0
B827EBB32FBF,2020-11-24,04:50:57,30.07,52.35,13.0,0.0,0.0
B827EBB32FBF,2020-11-24,04:55:57,30.12,51.79,10.0,0.0,0.0
B827EBB32FBF,2020-11-24,05:16:00,30.07,52.23,12.0,0.0,0.0
B827EBB32FBF,2020-11-24,05:21:01,30.15,51.73,12.0,0.0,0.0
B827EBB32FBF,2020-11-24,05:26:02,30.14,51.67,9.0,0.0,0.0
B827EBB32FBF,2020-11-24,05:41:05,30.18,51.59,13.0,0.0,0.0
B827EBB32FBF,2020-11-24,05:46:05,30.19,51.64,12.0,0.0,0.0
B827EBB32FBF,2020-11-24,05:51:06,30.24,51.21,11.0,0.0,0.0
B827EBB32FBF,2020-11-24,05:56:07,30.18,50.83,9.0,0.0,0.0
B827EBB32FBF,2020-11-24,06:01:08,30.24,50.56,11.0,0.0,0.0
B827EBB32FBF,2020-11-24,06:06:09,30.29,50.4,10.0,0.0,0.0
B827EBB32FBF,2020-11-24,06:11:09,30.25,50.66,9.0,0.0,0.0
B827EBB32FBF,2020-11-24,06:16:10,30.24,50.76,11.0,0.0,0.0
B827EBB32FBF,2020-11-24,06:21:11,30.25,50.79,10.0,0.0,0.0
B827EBB32FBF,2020-11-24,06:26:12,30.22,50.8,8.0,0.0,0.0
B827EBB32FBF,2020-11-24,06:31:13,30.29,50.83,11.0,0.0,0.0
B827EBB32FBF,2020-11-24,06:36:14,30.28,50.91,11.0,0.0,0.0
B827EBB32FBF,2020-11-24,06:41:15,30.29,50.6,13.0,0.0,0.0
B827EBB32FBF,2020-11-24,06:46:15,30.28,50.64,11.0,0.0,0.0
B827EBB32FBF,2020-11-24,06:51:16,30.25,50.61,10.0,0.0,0.0
B827EBB32FBF,2020-11-24,06:56:17,30.21,51.16,10.0,0.0,0.0
B827EBB32FBF,2020-11-24,07:01:18,30.28,51.05,11.0,0.0,0.0
B827EBB32FBF,2020-11-24,07:06:18,30.25,50.87,10.0,0.0,0.0
B827EBB32FBF,2020-11-24,07:11:19,30.22,50.97,11.0,0.0,0.0
B827EBB32FBF,2020-11-24,07:16:20,30.18,51.28,11.0,0.0,0.0
B827EBB32FBF,2020-11-24,07:21:21,30.19,51.06,10.0,0.0,0.0
B827EBB32FBF,2020-11-24,07:26:22,30.14,51.07,11.0,0.0,0.0
B827EBB32FBF,2020-11-24,07:31:22,30.15,50.93,10.0,0.0,0.0
B827EBB32FBF,2020-11-24,07:36:23,30.17,50.74,10.0,0.0,0.0
B827EBB32FBF,2020-11-24,07:41:24,30.19,50.81,10.0,0.0,0.0
B827EBB32FBF,2020-11-24,07:46:25,30.14,50.79,10.0,0.0,0.0
B827EBB32FBF,2020-11-24,07:51:25,30.14,50.81,11.0,0.0,0.0
B827EBB32FBF,2020-11-24,07:56:26,30.18,50.61,9.0,0.0,0.0
B827EBB32FBF,2020-11-24,08:01:27,30.14,50.98,9.0,0.0,0.0
B827EBB32FBF,2020-11-24,08:06:28,30.19,50.48,10.0,0.0,0.0
B827EBB32FBF,2020-11-24,08:11:29,30.18,50.46,10.0,0.0,0.0
B827EBB32FBF,2020-11-24,08:16:37,30.17,50.33,10.0,0.0,0.0
B827EBB32FBF,2020-11-24,08:21:38,30.15,50.38,10.0,0.0,0.0
B827EBB32FBF,2020-11-24,08:26:38,30.21,50.12,9.0,0.0,0.0
B827EBB32FBF,2020-11-24,08:31:39,30.15,50.23,11.0,0.0,0.0
B827EBB32FBF,2020-11-24,08:36:40,30.12,50.22,10.0,0.0,0.0
B827EBB32FBF,2020-11-24,08:41:41,30.11,50.25,10.0,0.0,0.0
B827EBB32FBF,2020-11-24,08:46:42,30.1,50.24,10.0,0.0,0.0
B827EBB32FBF,2020-11-24,08:51:42,30.17,49.85,9.0,0.0,0.0
B827EBB32FBF,2020-11-24,08:56:43,30.11,49.83,9.0,0.0,0.0
B827EBB32FBF,2020-11-24,09:01:44,30.18,49.52,10.0,0.0,0.0
B827EBB32FBF,2020-11-24,09:06:45,30.25,49.35,10.0,0.0,0.0
B827EBB32FBF,2020-11-24,09:11:46,30.26,49.23,8.0,0.0,0.0
B827EBB32FBF,2020-11-24,09:16:46,30.22,49.44,10.0,0.0,0.0
B827EBB32FBF,2020-11-24,09:21:47,30.17,49.69,11.0,0.0,0.0
B827EBB32FBF,2020-11-24,09:26:48,30.21,49.56,8.0,0.0,0.0
B827EBB32FBF,2020-11-24,09:31:49,30.15,49.71,10.0,0.0,0.0
B827EBB32FBF,2020-11-24,09:36:50,30.12,49.75,17.0,0.0,0.0
B827EBB32FBF,2020-11-24,09:41:50,30.19,49.52,12.0,0.0,0.0
B827EBB32FBF,2020-11-24,09:46:51,30.25,49.38,10.0,0.0,0.0
B827EBB32FBF,2020-11-24,09:56:53,30.15,49.74,14.0,0.0,0.0
B827EBB32FBF,2020-11-24,10:01:54,30.14,49.99,11.0,0.0,0.0
B827EBB32FBF,2020-11-24,10:06:54,30.14,49.98,10.0,0.0,0.0
B827EBB32FBF,2020-11-24,10:11:55,30.14,49.87,11.0,0.0,0.0
B827EBB32FBF,2020-11-24,10:16:56,30.11,49.9,11.0,0.0,0.0
B827EBB32FBF,2020-11-24,10:26:58,30.08,49.86,8.0,0.0,0.0
B827EBB32FBF,2020-11-24,10:31:59,30.06,49.72,8.0,0.0,0.0
B827EBB32FBF,2020-11-24,10:36:59,30.08,49.58,7.0,0.0,0.0
B827EBB32FBF,2020-11-24,10:42:00,30.17,49.3,8.0,0.0,0.0
B827EBB32FBF,2020-11-24,10:57:03,30.06,50.03,10.0,0.0,0.0
B827EBB32FBF,2020-11-24,11:02:03,30.19,49.32,8.0,0.0,0.0
B827EBB32FBF,2020-11-24,11:07:04,30.06,49.88,8.0,0.0,0.0
B827EBB32FBF,2020-11-24,11:12:05,30.0,50.2,7.0,0.0,0.0
B827EBB32FBF,2020-11-24,11:17:06,30.04,50.05,8.0,0.0,0.0
B827EBB32FBF,2020-11-24,11:22:07,30.07,50.11,8.0,0.0,0.0
B827EBB32FBF,2020-11-24,11:27:07,30.08,50.03,8.0,0.0,0.0
B827EBB32FBF,2020-11-24,11:32:08,30.06,49.86,7.0,0.0,0.0
B827EBB32FBF,2020-11-24,11:37:09,30.07,49.82,8.0,0.0,0.0
B827EBB32FBF,2020-11-24,11:42:10,30.03,49.93,8.0,0.0,0.0
B827EBB32FBF,2020-11-24,11:47:11,30.04,49.84,8.0,0.0,0.0
B827EBB32FBF,2020-11-24,11:52:12,30.1,49.83,8.0,0.0,0.0
B827EBB32FBF,2020-11-24,11:57:12,30.04,50.12,10.0,0.0,0.0
B827EBB32FBF,2020-11-24,12:02:13,30.06,49.97,9.0,0.0,0.0
B827EBB32FBF,2020-11-24,12:07:14,30.04,50.03,10.0,0.0,0.0
B827EBB32FBF,2020-11-24,12:12:15,30.0,50.01,9.0,0.0,0.0
B827EBB32FBF,2020-11-24,12:17:16,30.03,49.84,8.0,0.0,0.0
B827EBB32FBF,2020-11-24,12:22:16,30.01,49.69,8.0,0.0,0.0
B827EBB32FBF,2020-11-24,12:27:17,30.06,49.39,6.0,0.0,0.0
B827EBB32FBF,2020-11-24,12:32:18,30.06,49.44,7.0,0.0,0.0
B827EBB32FBF,2020-11-24,12:37:19,30.03,49.6,7.0,0.0,0.0
B827EBB32FBF,2020-11-24,12:42:20,30.06,49.48,10.0,0.0,0.0
B827EBB32FBF,2020-11-24,12:47:21,29.99,49.52,10.0,0.0,0.0
B827EBB32FBF,2020-11-24,12:52:21,29.97,49.29,7.0,0.0,0.0
B827EBB32FBF,2020-11-24,12:57:22,30.0,49.01,6.0,0.0,0.0
B827EBB32FBF,2020-11-24,13:07:24,30.07,48.57,6.0,0.0,0.0
B827EBB32FBF,2020-11-24,13:12:25,30.1,48.38,6.0,0.0,0.0
B827EBB32FBF,2020-11-24,13:17:26,30.08,48.47,6.0,0.0,0.0
B827EBB32FBF,2020-11-24,13:22:26,30.15,48.09,6.0,0.0,0.0
B827EBB32FBF,2020-11-24,13:27:27,30.17,48.11,5.0,0.0,0.0
B827EBB32FBF,2020-11-24,13:32:28,30.15,47.96,4.0,0.0,0.0
B827EBB32FBF,2020-11-24,13:37:28,30.15,47.95,5.0,0.0,0.0
B827EBB32FBF,2020-11-24,13:42:29,30.18,47.96,5.0,0.0,0.0
B827EBB32FBF,2020-11-24,13:47:30,30.26,47.74,5.0,0.0,0.0
B827EBB32FBF,2020-11-24,13:52:31,30.15,47.98,6.0,0.0,0.0
B827EBB32FBF,2020-11-24,13:57:32,30.14,47.89,5.0,0.0,0.0
B827EBB32FBF,2020-11-24,14:02:33,30.19,47.8,5.0,0.0,0.0
B827EBB32FBF,2020-11-24,14:07:33,30.21,47.91,5.0,0.0,0.0
B827EBB32FBF,2020-11-24,14:12:34,30.25,47.72,5.0,0.0,0.0
B827EBB32FBF,2020-11-24,14:17:35,30.28,47.67,5.0,0.0,0.0
B827EBB32FBF,2020-11-24,14:22:36,30.28,47.68,6.0,0.0,0.0
B827EBB32FBF,2020-11-24,14:27:36,30.26,47.91,5.0,0.0,0.0
B827EBB32FBF,2020-11-24,14:32:37,30.29,48.09,7.0,0.0,0.0
B827EBB32FBF,2020-11-24,14:37:38,30.25,48.09,7.0,0.0,0.0
B827EBB32FBF,2020-11-24,14:42:39,30.22,48.28,8.0,0.0,0.0
B827EBB32FBF,2020-11-24,14:47:40,30.31,48.27,6.0,0.0,0.0
B827EBB32FBF,2020-11-24,14:52:41,30.31,48.47,6.0,0.0,0.0
B827EBB32FBF,2020-11-24,14:57:57,30.29,48.44,6.0,0.0,0.0
B827EBB32FBF,2020-11-24,15:02:58,30.28,48.74,6.0,0.0,0.0
B827EBB32FBF,2020-11-24,15:07:58,30.36,48.71,7.0,0.0,0.0
B827EBB32FBF,2020-11-24,15:12:59,30.26,49.19,6.0,0.0,0.0
B827EBB32FBF,2020-11-24,15:18:00,30.29,49.24,6.0,0.0,0.0
B827EBB32FBF,2020-11-24,15:23:01,30.31,49.44,7.0,0.0,0.0
B827EBB32FBF,2020-11-24,15:28:02,30.26,49.61,7.0,0.0,0.0
B827EBB32FBF,2020-11-24,15:33:03,30.31,49.66,6.0,0.0,0.0
B827EBB32FBF,2020-11-24,15:38:03,30.25,49.87,7.0,0.0,0.0
B827EBB32FBF,2020-11-24,15:43:04,30.36,49.72,7.0,0.0,0.0
B827EBB32FBF,2020-11-24,15:48:05,30.26,50.0,5.0,0.0,0.0
B827EBB32FBF,2020-11-24,15:53:06,30.26,50.18,7.0,0.0,0.0
B827EBB32FBF,2020-11-24,15:58:07,30.21,50.71,7.0,0.0,0.0
B827EBB32FBF,2020-11-24,16:03:08,30.22,51.26,7.0,0.0,0.0
B827EBB32FBF,2020-11-24,16:08:08,30.19,51.5,7.0,0.0,0.0
B827EBB32FBF,2020-11-24,16:13:09,30.11,51.88,9.0,0.0,0.0
B827EBB32FBF,2020-11-24,16:18:10,30.14,51.59,7.0,0.0,0.0
B827EBB32FBF,2020-11-24,16:23:11,30.14,51.69,6.0,0.0,0.0
B827EBB32FBF,2020-11-24,16:28:12,30.07,52.11,9.0,0.0,0.0
B827EBB32FBF,2020-11-24,16:33:12,30.14,51.67,8.0,0.0,0.0
B827EBB32FBF,2020-11-24,16:38:13,30.11,52.04,6.0,0.0,0.0
B827EBB32FBF,2020-11-24,16:43:14,30.1,52.07,8.0,0.0,0.0
B827EBB32FBF,2020-11-24,16:48:15,30.11,52.37,8.0,0.0,0.0
B827EBB32FBF,2020-11-24,16:53:16,30.15,51.66,8.0,0.0,0.0
B827EBB32FBF,2020-11-24,16:58:16,30.15,51.32,7.0,0.0,0.0
B827EBB32FBF,2020-11-24,17:03:17,30.14,51.39,6.0,0.0,0.0
B827EBB32FBF,2020-11-24,17:08:18,30.18,51.2,6.0,0.0,0.0
B827EBB32FBF,2020-11-24,17:13:19,30.17,51.3,6.0,0.0,0.0
B827EBB32FBF,2020-11-24,17:18:20,30.18,51.24,6.0,0.0,0.0
B827EBB32FBF,2020-11-24,17:23:20,30.12,51.4,7.0,0.0,0.0
B827EBB32FBF,2020-11-24,17:28:21,30.18,51.2,6.0,0.0,0.0
B827EBB32FBF,2020-11-24,17:33:22,30.19,51.25,7.0,0.0,0.0
B827EBB32FBF,2020-11-24,17:38:23,30.19,51.32,7.0,0.0,0.0
B827EBB32FBF,2020-11-24,17:43:23,30.19,51.38,6.0,0.0,0.0
B827EBB32FBF,2020-11-24,17:53:25,30.14,51.78,7.0,0.0,0.0
B827EBB32FBF,2020-11-24,17:58:26,30.19,52.12,7.0,0.0,0.0
B827EBB32FBF,2020-11-24,18:03:27,30.14,52.53,8.0,0.0,0.0
B827EBB32FBF,2020-11-24,18:08:28,30.15,52.86,10.0,0.0,0.0
B827EBB32FBF,2020-11-24,18:18:29,30.11,53.2,10.0,0.0,0.0
B827EBB32FBF,2020-11-24,18:23:30,30.14,53.16,10.0,0.0,0.0
B827EBB32FBF,2020-11-24,18:28:31,30.11,53.35,9.0,0.0,0.0
B827EBB32FBF,2020-11-24,18:38:32,30.12,53.47,9.0,0.0,0.0
B827EBB32FBF,2020-11-24,18:43:33,30.04,53.69,9.0,0.0,0.0
B827EBB32FBF,2020-11-24,18:48:34,30.04,53.7,8.0,0.0,0.0
B827EBB32FBF,2020-11-24,18:53:40,30.11,52.6,7.0,0.0,0.0
B827EBB32FBF,2020-11-24,18:58:41,30.08,52.39,7.0,0.0,0.0
B827EBB32FBF,2020-11-24,19:03:43,30.19,52.23,7.0,0.0,0.0
B827EBB32FBF,2020-11-24,19:08:44,30.1,52.22,7.0,0.0,0.0
B827EBB32FBF,2020-11-24,19:13:44,30.15,52.11,6.0,0.0,0.0
B827EBB32FBF,2020-11-24,19:18:45,30.11,52.24,8.0,0.0,0.0
B827EBB32FBF,2020-11-24,19:23:46,30.18,52.12,6.0,0.0,0.0
B827EBB32FBF,2020-11-24,19:28:48,30.17,52.12,7.0,0.0,0.0
B827EBB32FBF,2020-11-24,19:33:48,30.19,52.12,8.0,0.0,0.0
B827EBB32FBF,2020-11-24,19:38:51,30.21,52.01,6.0,0.0,0.0
B827EBB32FBF,2020-11-24,19:43:51,30.25,51.7,8.0,0.0,0.0
B827EBB32FBF,2020-11-24,19:48:52,30.26,51.51,7.0,0.0,0.0
B827EBB32FBF,2020-11-24,19:53:53,30.15,52.16,8.0,0.0,0.0
B827EBB32FBF,2020-11-24,19:58:54,30.17,52.0,7.0,0.0,0.0
B827EBB32FBF,2020-11-24,20:03:54,30.14,52.39,8.0,0.0,0.0
B827EBB32FBF,2020-11-24,20:08:55,30.14,52.5,9.0,0.0,0.0
B827EBB32FBF,2020-11-24,20:13:56,30.14,52.5,10.0,0.0,0.0
B827EBB32FBF,2020-11-24,20:18:57,30.15,52.46,9.0,0.0,0.0
B827EBB32FBF,2020-11-24,20:23:58,30.11,52.49,8.0,0.0,0.0
B827EBB32FBF,2020-11-24,20:28:58,30.08,52.38,9.0,0.0,0.0
B827EBB32FBF,2020-11-24,20:33:59,30.1,52.58,9.0,0.0,0.0
B827EBB32FBF,2020-11-24,20:39:00,30.08,52.37,7.0,0.0,0.0
B827EBB32FBF,2020-11-24,20:44:01,30.04,52.77,8.0,0.0,0.0
B827EBB32FBF,2020-11-24,20:49:02,30.12,52.32,9.0,0.0,0.0
B827EBB32FBF,2020-11-24,20:54:03,30.14,51.26,7.0,0.0,0.0
B827EBB32FBF,2020-11-24,20:59:03,30.07,51.52,5.0,0.0,0.0
B827EBB32FBF,2020-11-24,21:04:04,30.17,51.23,6.0,0.0,0.0
B827EBB32FBF,2020-11-24,21:09:05,30.15,51.34,7.0,0.0,0.0
B827EBB32FBF,2020-11-24,21:14:06,30.1,51.41,5.0,0.0,0.0
B827EBB32FBF,2020-11-24,21:19:07,30.18,51.22,7.0,0.0,0.0
B827EBB32FBF,2020-11-24,21:24:07,30.19,51.24,5.0,0.0,0.0
B827EBB32FBF,2020-11-24,21:29:08,30.22,51.2,6.0,0.0,0.0
B827EBB32FBF,2020-11-24,21:34:09,30.21,51.31,8.0,0.0,0.0
B827EBB32FBF,2020-11-24,21:39:10,30.17,51.45,7.0,0.0,0.0
B827EBB32FBF,2020-11-24,21:44:11,30.14,51.5,7.0,0.0,0.0
B827EBB32FBF,2020-11-24,21:49:12,30.19,51.38,7.0,0.0,0.0
B827EBB32FBF,2020-11-24,21:54:12,30.11,52.21,7.0,0.0,0.0
B827EBB32FBF,2020-11-24,21:59:13,30.12,52.5,8.0,0.0,0.0
B827EBB32FBF,2020-11-24,22:04:14,30.15,53.02,8.0,0.0,0.0
B827EBB32FBF,2020-11-24,22:09:15,30.1,53.49,9.0,0.0,0.0
B827EBB32FBF,2020-11-24,22:14:16,30.08,53.84,9.0,0.0,0.0
B827EBB32FBF,2020-11-24,22:19:16,30.06,54.07,9.0,0.0,0.0
B827EBB32FBF,2020-11-24,22:24:17,30.06,54.01,8.0,0.0,0.0
B827EBB32FBF,2020-11-24,22:29:18,30.08,54.09,7.0,0.0,0.0
B827EBB32FBF,2020-11-24,22:34:19,30.06,54.43,9.0,0.0,0.0
B827EBB32FBF,2020-11-24,22:39:20,30.07,54.3,8.0,0.0,0.0
B827EBB32FBF,2020-11-24,22:44:20,30.04,54.29,9.0,0.0,0.0
B827EBB32FBF,2020-11-24,22:54:22,30.07,54.84,9.0,0.0,0.0
B827EBB32FBF,2020-11-24,22:59:23,30.03,54.5,9.0,0.0,0.0
B827EBB32FBF,2020-11-24,23:04:24,30.01,54.26,9.0,0.0,0.0
B827EBB32FBF,2020-11-24,23:09:25,30.06,53.98,8.0,0.0,0.0
B827EBB32FBF,2020-11-24,23:14:25,30.06,54.08,8.0,0.0,0.0
B827EBB32FBF,2020-11-24,23:19:26,30.01,54.26,12.0,0.0,0.0
B827EBB32FBF,2020-11-24,23:24:27,30.0,54.08,8.0,0.0,0.0
B827EBB32FBF,2020-11-24,23:34:29,30.04,53.64,8.0,0.0,0.0
B827EBB32FBF,2020-11-24,23:39:29,29.96,53.89,9.0,0.0,0.0
B827EBB32FBF,2020-11-24,23:44:30,29.97,53.63,8.0,0.0,0.0
B827EBB32FBF,2020-11-24,23:49:31,30.0,53.09,7.0,0.0,0.0
B827EBB32FBF,2020-11-24,23:54:32,30.12,52.02,6.0,0.0,0.0
B827EBB32FBF,2020-11-24,23:59:33,30.07,51.82,6.0,0.0,0.0
B827EBC44A3E,2020-11-24,00:03:56,22.16,66.46,13.0,0.0,0.0
B827EBC44A3E,2020-11-24,00:08:57,22.19,67.71,13.0,0.0,0.0
B827EBC44A3E,2020-11-24,00:29:00,22.59,67.37,15.0,0.0,0.0
B827EBC44A3E,2020-11-24,00:34:01,22.6,66.87,12.0,0.0,0.0
B827EBC44A3E,2020-11-24,00:39:02,22.62,67.22,11.0,0.0,0.0
B827EBC44A3E,2020-11-24,00:44:02,22.66,67.28,14.0,0.0,0.0
B827EBC44A3E,2020-11-24,00:49:03,22.66,67.37,12.0,0.0,0.0
B827EBC44A3E,2020-11-24,00:54:04,22.69,66.86,12.0,0.0,0.0
B827EBC44A3E,2020-11-24,00:59:05,22.67,66.48,13.0,0.0,0.0
B827EBC44A3E,2020-11-24,01:04:06,22.71,66.86,13.0,0.0,0.0
B827EBC44A3E,2020-11-24,01:09:07,22.65,66.17,13.0,0.0,0.0
B827EBC44A3E,2020-11-24,01:19:08,22.71,66.48,13.0,0.0,0.0
B827EBC44A3E,2020-11-24,01:24:09,22.76,66.94,13.0,0.0,0.0
B827EBC44A3E,2020-11-24,01:29:10,22.79,66.03,13.0,0.0,0.0
B827EBC44A3E,2020-11-24,01:34:11,22.83,66.95,12.0,0.0,0.0
B827EBC44A3E,2020-11-24,01:39:11,22.88,67.49,13.0,0.0,0.0
B827EBC44A3E,2020-11-24,01:44:12,22.97,67.67,14.0,0.0,0.0
B827EBC44A3E,2020-11-24,01:49:13,23.02,67.93,12.0,0.0,0.0
B827EBC44A3E,2020-11-24,02:09:16,23.02,65.92,13.0,0.0,0.0
B827EBC44A3E,2020-11-24,02:14:17,23.02,65.4,13.0,0.0,0.0
B827EBC44A3E,2020-11-24,02:19:18,22.97,66.46,13.0,0.0,0.0
B827EBC44A3E,2020-11-24,02:24:19,22.94,66.97,13.0,0.0,0.0
B827EBC44A3E,2020-11-24,02:29:19,22.98,65.88,12.0,0.0,0.0
B827EBC44A3E,2020-11-24,02:34:20,23.05,65.13,12.0,0.0,0.0
B827EBC44A3E,2020-11-24,02:39:21,23.02,66.95,13.0,0.0,0.0
B827EBC44A3E,2020-11-24,02:44:22,23.11,67.06,15.0,0.0,0.0
B827EBC44A3E,2020-11-24,02:49:23,23.2,66.42,13.0,0.0,0.0
B827EBC44A3E,2020-11-24,03:14:27,23.29,66.15,13.0,0.0,0.0
B827EBC44A3E,2020-11-24,03:19:28,23.32,65.57,12.0,0.0,0.0
B827EBC44A3E,2020-11-24,03:24:28,23.25,65.51,13.0,0.0,0.0
B827EBC44A3E,2020-11-24,03:29:29,23.21,66.45,13.0,0.0,0.0
B827EBC44A3E,2020-11-24,03:34:30,23.28,66.97,13.0,0.0,0.0
B827EBC44A3E,2020-11-24,03:39:31,23.45,64.73,13.0,0.0,0.0
B827EBC44A3E,2020-11-24,03:59:34,23.31,65.75,13.0,0.0,0.0
B827EBC44A3E,2020-11-24,04:04:35,23.34,64.73,13.0,0.0,0.0
B827EBC44A3E,2020-11-24,04:19:37,23.21,64.77,15.0,0.0,0.0
B827EBC44A3E,2020-11-24,04:24:38,23.18,64.22,13.0,0.0,0.0
B827EBC44A3E,2020-11-24,04:29:39,23.17,61.8,10.0,0.0,0.0
B827EBC44A3E,2020-11-24,04:34:40,23.35,63.41,13.0,0.0,0.0
B827EBC44A3E,2020-11-24,04:39:41,23.29,64.74,12.0,0.0,0.0
B827EBC44A3E,2020-11-24,04:44:41,23.29,66.36,13.0,0.0,0.0
B827EBC44A3E,2020-11-24,04:49:42,23.38,66.7,17.0,0.0,0.0
B827EBC44A3E,2020-11-24,05:09:45,23.32,64.53,11.0,0.0,0.0
B827EBC44A3E,2020-11-24,05:14:46,23.38,65.18,14.0,0.0,0.0
B827EBC44A3E,2020-11-24,05:24:48,23.22,64.05,12.0,0.0,0.0
B827EBC44A3E,2020-11-24,05:29:49,23.08,65.0,14.0,0.0,0.0
B827EBC44A3E,2020-11-24,05:34:49,23.13,65.32,13.0,0.0,0.0
B827EBC44A3E,2020-11-24,05:39:50,23.15,65.97,14.0,0.0,0.0
B827EBC44A3E,2020-11-24,05:44:51,23.14,65.06,13.0,0.0,0.0
B827EBC44A3E,2020-11-24,05:49:52,23.1,65.37,14.0,0.0,0.0
B827EBC44A3E,2020-11-24,05:54:53,23.08,65.32,12.0,0.0,0.0
B827EBC44A3E,2020-11-24,05:59:54,23.17,65.4,11.0,0.0,0.0
B827EBC44A3E,2020-11-24,06:04:54,23.22,65.69,13.0,0.0,0.0
B827EBC44A3E,2020-11-24,06:09:55,23.24,65.76,12.0,0.0,0.0
B827EBC44A3E,2020-11-24,06:14:56,23.25,65.58,15.0,0.0,0.0
B827EBC44A3E,2020-11-24,06:19:57,23.21,65.83,12.0,0.0,0.0
B827EBC44A3E,2020-11-24,06:24:58,23.24,64.82,11.0,0.0,0.0
B827EBC44A3E,2020-11-24,06:40:00,23.22,64.34,12.0,0.0,0.0
B827EBC44A3E,2020-11-24,06:45:01,23.25,64.55,12.0,0.0,0.0
B827EBC44A3E,2020-11-24,06:50:02,23.22,63.79,13.0,0.0,0.0
B827EBC44A3E,2020-11-24,06:55:03,23.29,63.87,12.0,0.0,0.0
B827EBC44A3E,2020-11-24,07:15:06,23.21,64.1,12.0,0.0,0.0
B827EBC44A3E,2020-11-24,07:30:08,23.05,63.39,11.0,0.0,0.0
B827EBC44A3E,2020-11-24,07:35:09,23.2,62.73,11.0,0.0,0.0
B827EBC44A3E,2020-11-24,07:40:10,23.34,61.91,9.0,0.0,0.0
B827EBC44A3E,2020-11-24,07:45:11,23.36,62.02,8.0,0.0,0.0
B827EBC44A3E,2020-11-24,07:50:11,23.45,61.89,10.0,0.0,0.0
B827EBC44A3E,2020-11-24,07:55:12,23.49,61.12,11.0,0.0,0.0
B827EBC44A3E,2020-11-24,08:00:13,23.56,60.6,10.0,0.0,0.0
B827EBC44A3E,2020-11-24,08:05:14,23.48,61.34,10.0,0.0,0.0
B827EBC44A3E,2020-11-24,08:15:16,23.6,61.29,9.0,0.0,0.0
B827EBC44A3E,2020-11-24,08:35:19,23.66,60.81,11.0,0.0,0.0
B827EBC44A3E,2020-11-24,08:40:20,23.55,59.92,10.0,0.0,0.0
B827EBC44A3E,2020-11-24,08:45:20,23.49,60.32,9.0,0.0,0.0
B827EBC44A3E,2020-11-24,08:50:21,23.53,60.33,10.0,0.0,0.0
B827EBC44A3E,2020-11-24,08:55:22,23.56,60.22,9.0,0.0,0.0
B827EBC44A3E,2020-11-24,09:00:23,23.63,60.02,10.0,0.0,0.0
B827EBC44A3E,2020-11-24,09:10:24,23.45,60.07,10.0,0.0,0.0
B827EBC44A3E,2020-11-24,09:15:25,23.45,59.85,8.0,0.0,0.0
B827EBC44A3E,2020-11-24,09:20:26,23.45,59.81,10.0,0.0,0.0
B827EBC44A3E,2020-11-24,09:30:28,23.46,59.98,11.0,0.0,0.0
B827EBC44A3E,2020-11-24,21:38:20,18.53,68.7,7.0,0.0,0.0
B827EBC44A3E,2020-11-24,21:43:21,19.4,66.39,8.0,0.0,0.0
B827EBC44A3E,2020-11-24,21:48:22,20.04,64.54,6.0,0.0,0.0
B827EBC44A3E,2020-11-24,21:53:23,20.48,62.86,7.0,0.0,0.0
B827EBC44A3E,2020-11-24,21:58:31,20.71,61.74,6.0,0.0,0.0
B827EBC44A3E,2020-11-24,22:03:32,20.85,60.57,6.0,0.0,0.0
B827EBC44A3E,2020-11-24,22:08:32,20.94,60.01,5.0,0.0,0.0
B827EBC44A3E,2020-11-24,22:13:33,20.91,59.55,6.0,0.0,0.0
B827EBC44A3E,2020-11-24,22:18:34,20.94,59.27,5.0,0.0,0.0
B827EBC44A3E,2020-11-24,22:23:35,20.9,59.17,7.0,0.0,0.0
B827EBC44A3E,2020-11-24,22:28:36,20.95,59.73,6.0,0.0,0.0
B827EBC44A3E,2020-11-24,22:33:37,21.03,60.02,6.0,0.0,0.0
B827EBC44A3E,2020-11-24,22:38:37,21.16,60.39,6.0,0.0,0.0
B827EBC44A3E,2020-11-24,22:43:38,21.3,60.2,8.0,0.0,0.0
B827EBC44A3E,2020-11-24,22:53:40,21.39,59.19,7.0,0.0,0.0
B827EBC44A3E,2020-11-24,22:58:40,21.35,58.82,6.0,0.0,0.0
B827EBC44A3E,2020-11-24,23:03:41,21.33,58.67,6.0,0.0,0.0
B827EBC44A3E,2020-11-24,23:08:42,21.36,58.4,6.0,0.0,0.0
B827EBC44A3E,2020-11-24,23:13:43,21.4,58.57,7.0,0.0,0.0
B827EBC44A3E,2020-11-24,23:33:46,21.6,60.63,5.0,0.0,0.0
B827EBC44A3E,2020-11-24,23:38:47,21.71,58.24,7.0,0.0,0.0
B827EBC44A3E,2020-11-24,23:43:48,21.36,58.66,8.0,0.0,0.0
B827EBC44A3E,2020-11-24,23:48:49,20.9,59.46,7.0,0.0,0.0
B827EBC44A3E,2020-11-24,23:53:49,21.03,59.46,7.0,0.0,0.0
B827EBC44A3E,2020-11-24,23:58:50,20.71,59.77,6.0,0.0,0.0
B827EBCBB4B4,2020-11-24,00:03:48,28.06,48.35,9.0,0.0,0.0
B827EBCBB4B4,2020-11-24,00:08:49,28.03,48.4,7.0,0.0,0.0
B827EBCBB4B4,2020-11-24,00:13:50,28.03,48.57,8.0,0.0,0.0
B827EBCBB4B4,2020-11-24,00:18:51,28.03,48.43,7.0,0.0,0.0
B827EBCBB4B4,2020-11-24,00:23:51,27.98,48.51,9.0,0.0,0.0
B827EBCBB4B4,2020-11-24,00:28:52,27.99,48.62,10.0,0.0,0.0
B827EBCBB4B4,2020-11-24,00:33:53,28.0,48.55,8.0,0.0,0.0
B827EBCBB4B4,2020-11-24,00:38:54,28.0,48.56,9.0,0.0,0.0
B827EBCBB4B4,2020-11-24,00:43:55,27.99,48.69,8.0,0.0,0.0
B827EBCBB4B4,2020-11-24,00:48:56,27.98,48.62,9.0,0.0,0.0
B827EBCBB4B4,2020-11-24,00:53:56,27.95,48.74,9.0,0.0,0.0
B827EBCBB4B4,2020-11-24,00:58:57,27.98,48.71,9.0,0.0,0.0
B827EBCBB4B4,2020-11-24,01:03:58,27.99,48.69,8.0,0.0,0.0
B827EBCBB4B4,2020-11-24,01:14:00,27.95,48.92,8.0,0.0,0.0
B827EBCBB4B4,2020-11-24,01:19:01,27.93,48.87,8.0,0.0,0.0
B827EBCBB4B4,2020-11-24,01:24:01,27.96,48.95,9.0,0.0,0.0
B827EBCBB4B4,2020-11-24,01:29:02,27.96,48.93,8.0,0.0,0.0
B827EBCBB4B4,2020-11-24,01:34:03,27.93,48.94,8.0,0.0,0.0
B827EBCBB4B4,2020-11-24,01:39:04,27.96,48.97,8.0,0.0,0.0
B827EBCBB4B4,2020-11-24,01:44:05,27.96,48.93,9.0,0.0,0.0
B827EBCBB4B4,2020-11-24,01:49:05,27.96,48.92,7.0,0.0,0.0
B827EBCBB4B4,2020-11-24,02:09:09,27.93,49.15,9.0,0.0,0.0
B827EBCBB4B4,2020-11-24,02:14:10,27.96,49.12,8.0,0.0,0.0
B827EBCBB4B4,2020-11-24,02:19:10,27.96,49.1,9.0,0.0,0.0
B827EBCBB4B4,2020-11-24,02:24:11,27.96,49.16,8.0,0.0,0.0
B827EBCBB4B4,2020-11-24,02:29:12,27.95,49.2,9.0,0.0,0.0
B827EBCBB4B4,2020-11-24,02:34:13,27.96,49.12,8.0,0.0,0.0
B827EBCBB4B4,2020-11-24,02:39:14,27.96,49.12,10.0,0.0,0.0
B827EBCBB4B4,2020-11-24,02:44:15,27.96,49.24,8.0,0.0,0.0
B827EBCBB4B4,2020-11-24,02:49:15,27.96,49.18,9.0,0.0,0.0
B827EBCBB4B4,2020-11-24,02:54:16,27.96,49.26,10.0,0.0,0.0
B827EBCBB4B4,2020-11-24,03:14:20,27.95,49.46,8.0,0.0,0.0
B827EBCBB4B4,2020-11-24,03:24:21,27.93,49.59,9.0,0.0,0.0
B827EBCBB4B4,2020-11-24,03:29:22,27.92,49.64,9.0,0.0,0.0
B827EBCBB4B4,2020-11-24,03:34:23,27.93,49.74,10.0,0.0,0.0
B827EBCBB4B4,2020-11-24,03:39:24,27.92,49.75,11.0,0.0,0.0
B827EBCBB4B4,2020-11-24,04:19:45,27.95,49.66,11.0,0.0,0.0
B827EBCBB4B4,2020-11-24,04:29:47,27.93,49.67,12.0,0.0,0.0
B827EBCBB4B4,2020-11-24,04:34:48,27.95,49.63,14.0,0.0,0.0
B827EBCBB4B4,2020-11-24,04:39:49,27.93,49.75,12.0,0.0,0.0
B827EBCBB4B4,2020-11-24,04:44:49,27.95,49.79,11.0,0.0,0.0
B827EBCBB4B4,2020-11-24,04:49:50,27.96,49.68,10.0,0.0,0.0
B827EBCBB4B4,2020-11-24,04:54:51,27.98,49.7,12.0,0.0,0.0
B827EBCBB4B4,2020-11-24,04:59:52,27.96,49.87,11.0,0.0,0.0
B827EBCBB4B4,2020-11-24,05:04:53,27.99,49.75,13.0,0.0,0.0
B827EBCBB4B4,2020-11-24,05:09:53,27.98,49.83,13.0,0.0,0.0
B827EBCBB4B4,2020-11-24,05:14:54,28.02,49.76,11.0,0.0,0.0
B827EBCBB4B4,2020-11-24,05:19:55,28.02,49.65,12.0,0.0,0.0
B827EBCBB4B4,2020-11-24,05:24:56,28.03,49.71,11.0,0.0,0.0
B827EBCBB4B4,2020-11-24,05:29:57,28.05,49.72,11.0,0.0,0.0
B827EBCBB4B4,2020-11-24,05:34:57,28.05,49.74,11.0,0.0,0.0
B827EBCBB4B4,2020-11-24,05:39:58,28.03,49.81,11.0,0.0,0.0
B827EBCBB4B4,2020-11-24,05:44:59,28.05,49.81,11.0,0.0,0.0
B827EBCBB4B4,2020-11-24,05:50:00,28.03,49.8,10.0,0.0,0.0
B827EBCBB4B4,2020-11-24,05:55:01,28.06,49.74,10.0,0.0,0.0
B827EBCBB4B4,2020-11-24,06:00:01,28.03,49.82,11.0,0.0,0.0
B827EBCBB4B4,2020-11-24,06:05:02,27.99,49.92,11.0,0.0,0.0
B827EBCBB4B4,2020-11-24,06:10:03,28.02,49.93,10.0,0.0,0.0
B827EBCBB4B4,2020-11-24,06:15:04,27.99,50.09,10.0,0.0,0.0
B827EBCBB4B4,2020-11-24,06:20:05,28.0,49.99,11.0,0.0,0.0
B827EBCBB4B4,2020-11-24,06:25:05,27.98,49.94,11.0,0.0,0.0
B827EBCBB4B4,2020-11-24,06:30:06,27.99,50.07,10.0,0.0,0.0
B827EBCBB4B4,2020-11-24,06:35:07,27.95,50.08,11.0,0.0,0.0
B827EBCBB4B4,2020-11-24,06:50:09,27.96,50.08,10.0,0.0,0.0
B827EBCBB4B4,2020-11-24,06:55:10,27.96,50.16,10.0,0.0,0.0
B827EBCBB4B4,2020-11-24,07:00:11,27.93,50.01,9.0,0.0,0.0
B827EBCBB4B4,2020-11-24,07:05:12,27.99,50.03,9.0,0.0,0.0
B827EBCBB4B4,2020-11-24,07:10:13,27.93,50.1,10.0,0.0,0.0
B827EBCBB4B4,2020-11-24,07:15:13,27.91,50.13,9.0,0.0,0.0
B827EBCBB4B4,2020-11-24,07:20:14,27.93,50.13,10.0,0.0,0.0
B827EBCBB4B4,2020-11-24,07:25:15,27.96,50.06,10.0,0.0,0.0
B827EBCBB4B4,2020-11-24,07:30:16,27.92,50.21,9.0,0.0,0.0
B827EBCBB4B4,2020-11-24,07:35:17,27.92,50.2,9.0,0.0,0.0
B827EBCBB4B4,2020-11-24,07:40:17,27.91,50.17,10.0,0.0,0.0
B827EBCBB4B4,2020-11-24,07:45:18,27.88,50.21,10.0,0.0,0.0
B827EBCBB4B4,2020-11-24,07:50:19,27.89,50.22,9.0,0.0,0.0
B827EBCBB4B4,2020-11-24,07:55:20,27.88,50.13,10.0,0.0,0.0
B827EBCBB4B4,2020-11-24,08:05:22,27.89,50.24,9.0,0.0,0.0
B827EBCBB4B4,2020-11-24,08:10:22,27.88,50.18,10.0,0.0,0.0
B827EBCBB4B4,2020-11-24,08:15:23,27.88,50.18,10.0,0.0,0.0
B827EBCBB4B4,2020-11-24,08:20:24,27.89,50.38,10.0,0.0,0.0
B827EBCBB4B4,2020-11-24,08:25:25,27.91,50.05,10.0,0.0,0.0
B827EBCBB4B4,2020-11-24,08:30:26,27.92,50.11,10.0,0.0,0.0
B827EBCBB4B4,2020-11-24,08:35:27,27.92,50.08,10.0,0.0,0.0
B827EBCBB4B4,2020-11-24,08:40:27,27.88,50.26,10.0,0.0,0.0
B827EBCBB4B4,2020-11-24,08:45:28,27.91,50.13,7.0,0.0,0.0
B827EBCBB4B4,2020-11-24,08:50:29,27.88,50.18,9.0,0.0,0.0
B827EBCBB4B4,2020-11-24,08:55:30,27.91,50.09,10.0,0.0,0.0
B827EBCBB4B4,2020-11-24,09:00:30,27.91,50.15,9.0,0.0,0.0
B827EBCBB4B4,2020-11-24,09:05:31,27.88,50.2,10.0,0.0,0.0
B827EBCBB4B4,2020-11-24,09:10:32,27.89,50.13,8.0,0.0,0.0
B827EBCBB4B4,2020-11-24,09:15:33,27.89,50.09,9.0,0.0,0.0
B827EBCBB4B4,2020-11-24,09:20:34,27.89,50.06,9.0,0.0,0.0
B827EBCBB4B4,2020-11-24,09:25:34,27.88,50.14,10.0,0.0,0.0
B827EBCBB4B4,2020-11-24,09:35:43,27.91,50.09,9.0,0.0,0.0
B827EBCBB4B4,2020-11-24,09:45:45,27.91,50.17,9.0,0.0,0.0
B827EBCBB4B4,2020-11-24,09:50:45,27.88,50.15,9.0,0.0,0.0
B827EBCBB4B4,2020-11-24,09:55:46,27.86,50.19,9.0,0.0,0.0
B827EBCBB4B4,2020-11-24,10:00:47,27.85,50.11,7.0,0.0,0.0
B827EBCBB4B4,2020-11-24,10:05:48,27.83,50.17,10.0,0.0,0.0
B827EBCBB4B4,2020-11-24,10:11:04,27.85,50.2,8.0,0.0,0.0
B827EBCBB4B4,2020-11-24,10:16:05,27.85,50.24,9.0,0.0,0.0
B827EBCBB4B4,2020-11-24,10:21:06,27.85,50.14,8.0,0.0,0.0
B827EBCBB4B4,2020-11-24,10:26:06,27.83,50.2,9.0,0.0,0.0
B827EBCBB4B4,2020-11-24,10:31:07,27.83,50.23,10.0,0.0,0.0
B827EBCBB4B4,2020-11-24,10:36:08,27.83,50.1,9.0,0.0,0.0
B827EBCBB4B4,2020-11-24,10:41:09,27.85,50.14,8.0,0.0,0.0
B827EBCBB4B4,2020-11-24,10:46:10,27.88,50.05,9.0,0.0,0.0
B827EBCBB4B4,2020-11-24,10:51:11,27.85,50.06,8.0,0.0,0.0
B827EBCBB4B4,2020-11-24,10:56:12,27.83,50.02,8.0,0.0,0.0
B827EBCBB4B4,2020-11-24,11:01:12,27.83,50.05,9.0,0.0,0.0
B827EBCBB4B4,2020-11-24,11:06:13,27.88,50.01,9.0,0.0,0.0
B827EBCBB4B4,2020-11-24,11:11:14,27.89,49.99,8.0,0.0,0.0
B827EBCBB4B4,2020-11-24,11:16:15,27.89,49.98,7.0,0.0,0.0
B827EBCBB4B4,2020-11-24,11:21:16,27.88,49.92,8.0,0.0,0.0
B827EBCBB4B4,2020-11-24,11:26:16,27.88,49.96,9.0,0.0,0.0
B827EBCBB4B4,2020-11-24,11:31:17,27.86,49.98,9.0,0.0,0.0
B827EBCBB4B4,2020-11-24,11:36:25,27.91,49.92,8.0,0.0,0.0
B827EBCBB4B4,2020-11-24,11:41:26,27.98,49.74,9.0,0.0,0.0
B827EBCBB4B4,2020-11-24,11:46:27,28.03,49.57,8.0,0.0,0.0
B827EBCBB4B4,2020-11-24,11:51:28,28.03,49.47,8.0,0.0,0.0
B827EBCBB4B4,2020-11-24,12:01:29,28.05,49.27,7.0,0.0,0.0
B827EBCBB4B4,2020-11-24,12:06:30,28.09,49.04,8.0,0.0,0.0
B827EBCBB4B4,2020-11-24,12:16:32,28.03,48.84,9.0,0.0,0.0
B827EBCBB4B4,2020-11-24,13:16:42,28.02,49.06,7.0,0.0,0.0
B827EBCBB4B4,2020-11-24,13:21:43,28.02,48.95,7.0,0.0,0.0
B827EBCBB4B4,2020-11-24,13:26:44,28.03,48.93,7.0,0.0,0.0
B827EBCBB4B4,2020-11-24,13:31:45,28.06,48.87,7.0,0.0,0.0
B827EBCBB4B4,2020-11-24,13:56:49,28.02,48.79,7.0,0.0,0.0
B827EBCBB4B4,2020-11-24,14:01:49,28.0,48.79,8.0,0.0,0.0
B827EBCBB4B4,2020-11-24,14:51:57,27.99,48.61,5.0,0.0,0.0
B827EBCBB4B4,2020-11-24,14:56:58,28.02,48.55,7.0,0.0,0.0
B827EBCBB4B4,2020-11-24,15:01:59,28.0,48.54,8.0,0.0,0.0
B827EBCBB4B4,2020-11-24,15:07:00,28.02,48.57,6.0,0.0,0.0
B827EBCBB4B4,2020-11-24,15:12:01,28.02,48.51,6.0,0.0,0.0
B827EBCBB4B4,2020-11-24,15:17:02,28.05,48.49,6.0,0.0,0.0
B827EBCBB4B4,2020-11-24,15:22:02,28.02,48.47,6.0,0.0,0.0
B827EBCBB4B4,2020-11-24,15:27:03,28.03,48.43,7.0,0.0,0.0
B827EBCBB4B4,2020-11-24,15:32:04,28.05,48.43,8.0,0.0,0.0
B827EBCBB4B4,2020-11-24,15:42:06,28.06,48.37,7.0,0.0,0.0
B827EBCBB4B4,2020-11-24,16:27:13,28.0,48.34,7.0,0.0,0.0
B827EBCBB4B4,2020-11-24,16:32:14,27.99,48.37,7.0,0.0,0.0
B827EBCBB4B4,2020-11-24,17:12:20,28.08,48.16,6.0,0.0,0.0
B827EBCBB4B4,2020-11-24,17:32:24,28.08,48.15,7.0,0.0,0.0
B827EBCBB4B4,2020-11-24,17:37:24,28.08,48.13,6.0,0.0,0.0
B827EBCBB4B4,2020-11-24,17:42:25,28.13,48.08,6.0,0.0,0.0
B827EBCBB4B4,2020-11-24,17:47:26,28.1,48.11,6.0,0.0,0.0
B827EBCBB4B4,2020-11-24,17:52:27,28.13,48.09,6.0,0.0,0.0
B827EBCBB4B4,2020-11-24,17:57:28,28.12,48.09,7.0,0.0,0.0
B827EBCBB4B4,2020-11-24,18:02:28,28.1,48.06,7.0,0.0,0.0
B827EBCBB4B4,2020-11-24,18:07:29,28.16,48.03,5.0,0.0,0.0
B827EBCBB4B4,2020-11-24,18:12:30,28.13,48.05,8.0,0.0,0.0
B827EBCBB4B4,2020-11-24,18:17:31,28.1,48.04,6.0,0.0,0.0
B827EBCBB4B4,2020-11-24,18:22:32,28.13,48.05,6.0,0.0,0.0
B827EBCBB4B4,2020-11-24,18:27:33,28.13,48.09,6.0,0.0,0.0
B827EBCBB4B4,2020-11-24,18:32:33,28.13,48.12,7.0,0.0,0.0
B827EBCBB4B4,2020-11-24,18:37:34,28.1,48.07,6.0,0.0,0.0
B827EBCBB4B4,2020-11-24,18:42:35,28.09,48.14,8.0,0.0,0.0
B827EBCBB4B4,2020-11-24,18:47:36,28.1,48.14,6.0,0.0,0.0
B827EBCBB4B4,2020-11-24,19:02:42,28.09,48.15,7.0,0.0,0.0
B827EBCBB4B4,2020-11-24,19:17:47,28.08,48.22,7.0,0.0,0.0
B827EBCBB4B4,2020-11-24,19:22:48,28.1,48.2,6.0,0.0,0.0
B827EBCBB4B4,2020-11-24,19:27:49,28.09,48.19,7.0,0.0,0.0
B827EBCBB4B4,2020-11-24,19:33:03,28.09,48.28,7.0,0.0,0.0
B827EBCBB4B4,2020-11-24,19:38:04,28.08,48.26,7.0,0.0,0.0
B827EBCBB4B4,2020-11-24,19:43:05,28.05,48.35,6.0,0.0,0.0
B827EBCBB4B4,2020-11-24,19:48:06,28.06,48.34,6.0,0.0,0.0
B827EBCBB4B4,2020-11-24,19:53:06,28.05,48.32,6.0,0.0,0.0
B827EBCBB4B4,2020-11-24,19:58:07,28.06,48.17,5.0,0.0,0.0
B827EBCBB4B4,2020-11-24,20:03:08,28.0,48.15,6.0,0.0,0.0
B827EBCBB4B4,2020-11-24,20:08:09,28.02,48.21,7.0,0.0,0.0
B827EBCBB4B4,2020-11-24,20:13:10,28.03,48.26,6.0,0.0,0.0
B827EBCBB4B4,2020-11-24,20:18:10,28.03,47.94,6.0,0.0,0.0
B827EBCBB4B4,2020-11-24,20:23:11,28.06,48.2,6.0,0.0,0.0
B827EBCBB4B4,2020-11-24,20:28:12,28.05,48.1,4.0,0.0,0.0
B827EBCBB4B4,2020-11-24,20:33:13,28.09,47.95,6.0,0.0,0.0
B827EBCBB4B4,2020-11-24,20:38:13,28.06,48.05,7.0,0.0,0.0
B827EBCBB4B4,2020-11-24,20:43:14,28.06,48.1,6.0,0.0,0.0
B827EBCBB4B4,2020-11-24,20:48:15,28.06,48.1,7.0,0.0,0.0
B827EBCBB4B4,2020-11-24,20:53:16,28.06,48.14,5.0,0.0,0.0
B827EBCBB4B4,2020-11-24,20:58:17,28.05,48.02,6.0,0.0,0.0
B827EBCBB4B4,2020-11-24,21:03:17,28.0,48.08,7.0,0.0,0.0
B827EBCBB4B4,2020-11-24,21:08:18,27.99,48.16,6.0,0.0,0.0
B827EBCBB4B4,2020-11-24,21:13:19,28.0,48.33,5.0,0.0,0.0
B827EBCBB4B4,2020-11-24,21:18:20,27.99,48.18,6.0,0.0,0.0
B827EBCBB4B4,2020-11-24,21:23:21,27.99,48.16,7.0,0.0,0.0
B827EBCBB4B4,2020-11-24,21:28:21,27.99,48.29,5.0,0.0,0.0
B827EBCBB4B4,2020-11-24,21:33:22,27.98,48.22,6.0,0.0,0.0
B827EBCBB4B4,2020-11-24,21:38:23,27.99,48.35,6.0,0.0,0.0
B827EBCBB4B4,2020-11-24,21:43:24,27.96,48.25,6.0,0.0,0.0
B827EBCBB4B4,2020-11-24,21:48:25,27.98,48.4,6.0,0.0,0.0
B827EBCBB4B4,2020-11-24,21:53:25,27.96,48.38,7.0,0.0,0.0
B827EBCBB4B4,2020-11-24,21:58:26,27.96,48.49,6.0,0.0,0.0
B827EBCBB4B4,2020-11-24,22:03:27,27.99,48.44,8.0,0.0,0.0
B827EBCBB4B4,2020-11-24,22:08:28,27.98,48.42,6.0,0.0,0.0
B827EBCBB4B4,2020-11-24,22:13:29,27.95,48.53,7.0,0.0,0.0
B827EBCBB4B4,2020-11-24,22:18:30,27.93,48.52,6.0,0.0,0.0
B827EBCBB4B4,2020-11-24,22:23:30,27.91,48.77,6.0,0.0,0.0
B827EBCBB4B4,2020-11-24,22:28:31,27.93,48.72,7.0,0.0,0.0
B827EBCBB4B4,2020-11-24,22:33:32,27.96,48.66,6.0,0.0,0.0
B827EBCBB4B4,2020-11-24,22:38:33,27.96,48.62,6.0,0.0,0.0
B827EBCBB4B4,2020-11-24,22:43:34,27.95,48.74,7.0,0.0,0.0
B827EBCBB4B4,2020-11-24,22:48:34,27.93,48.74,7.0,0.0,0.0
B827EBCBB4B4,2020-11-24,22:53:35,27.93,48.8,7.0,0.0,0.0
B827EBCBB4B4,2020-11-24,22:58:36,27.93,48.73,7.0,0.0,0.0
B827EBCBB4B4,2020-11-24,23:03:37,27.95,48.71,6.0,0.0,0.0
B827EBCBB4B4,2020-11-24,23:08:38,27.95,48.74,7.0,0.0,0.0
B827EBCBB4B4,2020-11-24,23:13:39,27.93,48.82,6.0,0.0,0.0
B827EBCBB4B4,2020-11-24,23:18:39,27.93,48.81,6.0,0.0,0.0
B827EBCBB4B4,2020-11-24,23:23:40,27.93,48.92,7.0,0.0,0.0
B827EBCBB4B4,2020-11-24,23:28:41,27.95,48.87,8.0,0.0,0.0
B827EBCBB4B4,2020-11-24,23:33:42,27.92,48.94,6.0,0.0,0.0
B827EBCBB4B4,2020-11-24,23:38:43,27.92,48.96,7.0,0.0,0.0
B827EBCBB4B4,2020-11-24,23:43:44,27.93,48.98,7.0,0.0,0.0
B827EBCBB4B4,2020-11-24,23:48:44,27.92,48.89,7.0,0.0,0.0
B827EBCBB4B4,2020-11-24,23:53:45,27.91,49.06,6.0,0.0,0.0
B827EBCBB4B4,2020-11-24,23:58:46,27.91,49.02,6.0,0.0,0.0
B827EBD93671,2020-11-24,00:05:22,25.86,69.52,17.0,0.0,0.0
B827EBD93671,2020-11-24,00:10:23,25.87,69.35,17.0,0.0,0.0
B827EBD93671,2020-11-24,00:15:24,25.87,69.3,17.0,0.0,0.0
B827EBD93671,2020-11-24,00:20:25,25.87,69.08,17.0,0.0,0.0
B827EBD93671,2020-11-24,00:55:31,26.1,68.25,15.0,0.0,0.0
B827EBD93671,2020-11-24,03:15:55,26.38,68.01,17.0,0.0,0.0
B827EBD93671,2020-11-24,03:25:57,26.18,69.44,18.0,0.0,0.0
B827EBD93671,2020-11-24,03:30:59,26.32,68.57,18.0,0.0,0.0
B827EBD93671,2020-11-24,03:35:59,26.11,69.11,18.0,0.0,0.0
B827EBD93671,2020-11-24,03:41:00,26.1,68.77,16.0,0.0,0.0
B827EBD93671,2020-11-24,03:46:01,26.11,68.19,17.0,0.0,0.0
B827EBD93671,2020-11-24,03:51:02,26.21,67.71,18.0,0.0,0.0
B827EBD93671,2020-11-24,04:11:05,26.48,66.74,18.0,0.0,0.0
B827EBD93671,2020-11-24,04:26:08,26.39,66.11,17.0,0.0,0.0
B827EBD93671,2020-11-24,04:51:12,26.53,65.05,13.0,0.0,0.0
B827EBD93671,2020-11-24,04:56:13,26.56,64.91,15.0,0.0,0.0
B827EBD93671,2020-11-24,05:01:14,26.56,64.77,16.0,0.0,0.0
B827EBD93671,2020-11-24,05:06:15,26.52,64.72,15.0,0.0,0.0
B827EBD93671,2020-11-24,05:16:16,26.45,64.66,16.0,0.0,0.0
B827EBD93671,2020-11-24,05:21:17,26.42,64.81,16.0,0.0,0.0
B827EBD93671,2020-11-24,05:26:18,26.5,64.51,15.0,0.0,0.0
B827EBD93671,2020-11-24,05:31:19,26.63,64.08,14.0,0.0,0.0
B827EBD93671,2020-11-24,05:36:20,26.46,64.59,15.0,0.0,0.0
B827EBD93671,2020-11-24,05:56:24,26.27,65.59,15.0,0.0,0.0
B827EBD93671,2020-11-24,06:06:25,26.42,65.0,15.0,0.0,0.0
B827EBD93671,2020-11-24,06:11:26,26.28,65.22,14.0,0.0,0.0
B827EBD93671,2020-11-24,06:21:28,26.41,65.75,16.0,0.0,0.0
B827EBD93671,2020-11-24,06:26:29,26.46,65.17,14.0,0.0,0.0
B827EBD93671,2020-11-24,06:31:30,26.5,65.17,15.0,0.0,0.0
B827EBD93671,2020-11-24,06:41:31,26.59,64.5,14.0,0.0,0.0
B827EBD93671,2020-11-24,06:46:32,26.6,64.51,15.0,0.0,0.0
B827EBD93671,2020-11-24,10:17:15,26.52,62.59,10.0,0.0,0.0
B827EBD93671,2020-11-24,10:22:15,26.52,62.5,12.0,0.0,0.0
B827EBD93671,2020-11-24,10:32:17,26.52,62.32,12.0,0.0,0.0
B827EBD93671,2020-11-24,10:47:19,26.5,62.23,13.0,0.0,0.0
B827EBD93671,2020-11-24,10:52:20,26.5,62.36,11.0,0.0,0.0
B827EBD93671,2020-11-24,10:57:21,26.53,62.55,13.0,0.0,0.0
B827EBD93671,2020-11-24,11:07:23,26.5,62.84,11.0,0.0,0.0
B827EBD93671,2020-11-24,11:12:23,26.49,62.81,13.0,0.0,0.0
B827EBD93671,2020-11-24,11:27:26,26.5,62.84,12.0,0.0,0.0
B827EBD93671,2020-11-24,11:32:28,26.49,62.63,11.0,0.0,0.0
B827EBD93671,2020-11-24,12:57:46,26.41,61.57,10.0,0.0,0.0
B827EBD93671,2020-11-24,13:02:47,26.38,61.53,9.0,0.0,0.0
B827EBD93671,2020-11-24,13:07:48,26.39,61.45,11.0,0.0,0.0
B827EBD93671,2020-11-24,15:18:19,26.35,64.87,13.0,0.0,0.0
B827EBD93671,2020-11-24,15:23:20,26.38,65.11,14.0,0.0,0.0
B827EBD93671,2020-11-24,17:43:46,26.36,67.49,13.0,0.0,0.0
B827EBD93671,2020-11-24,17:48:47,26.35,67.49,16.0,0.0,0.0
B827EBD93671,2020-11-24,17:58:48,26.36,67.6,14.0,0.0,0.0
B827EBD93671,2020-11-24,18:48:57,26.35,68.41,15.0,0.0,0.0
B827EBD93671,2020-11-24,19:04:00,26.36,68.59,16.0,0.0,0.0
B827EBD93671,2020-11-24,19:09:02,26.35,68.65,14.0,0.0,0.0
B827EBD93671,2020-11-24,19:24:11,26.35,68.65,14.0,0.0,0.0
B827EBD93671,2020-11-24,19:29:14,26.34,68.7,14.0,0.0,0.0
B827EBD93671,2020-11-24,19:34:16,26.31,68.68,13.0,0.0,0.0
B827EBD93671,2020-11-24,19:39:17,26.35,68.48,16.0,0.0,0.0
B827EBD93671,2020-11-24,19:44:17,26.32,68.17,13.0,0.0,0.0
B827EBD93671,2020-11-24,19:49:19,26.31,67.91,14.0,0.0,0.0
B827EBD93671,2020-11-24,19:54:20,26.32,67.64,13.0,0.0,0.0
B827EBD93671,2020-11-24,19:59:21,26.3,67.42,14.0,0.0,0.0
B827EBD93671,2020-11-24,20:49:29,26.25,67.41,13.0,0.0,0.0
B827EBD93671,2020-11-24,20:59:31,26.25,67.52,11.0,0.0,0.0
B827EBD93671,2020-11-24,21:04:31,26.27,67.65,14.0,0.0,0.0
B827EBD93671,2020-11-24,21:09:32,26.28,67.72,15.0,0.0,0.0
B827EBD93671,2020-11-24,21:14:33,26.28,67.8,13.0,0.0,0.0
B827EBD93671,2020-11-24,21:19:34,26.28,67.86,12.0,0.0,0.0
B827EBD93671,2020-11-24,21:24:35,26.3,67.92,15.0,0.0,0.0
B827EBD93671,2020-11-24,21:29:35,26.3,68.01,12.0,0.0,0.0
B827EBD93671,2020-11-24,21:34:36,26.28,68.07,14.0,0.0,0.0
B827EBD93671,2020-11-24,21:39:37,26.28,68.14,15.0,0.0,0.0
B827EBD93671,2020-11-24,21:44:38,26.28,68.32,13.0,0.0,0.0
B827EBD93671,2020-11-24,21:49:39,26.3,68.49,13.0,0.0,0.0
B827EBD93671,2020-11-24,22:14:50,26.31,68.54,13.0,0.0,0.0
B827EBD93671,2020-11-24,22:19:51,26.28,68.71,15.0,0.0,0.0
B827EBD93671,2020-11-24,22:24:52,26.27,68.81,14.0,0.0,0.0
B827EBD93671,2020-11-24,22:29:53,26.28,68.91,16.0,0.0,0.0
B827EBD93671,2020-11-24,22:34:54,26.27,69.05,16.0,0.0,0.0
B827EBD93671,2020-11-24,22:39:55,26.3,69.14,15.0,0.0,0.0
B827EBD93671,2020-11-24,22:44:55,26.28,69.3,16.0,0.0,0.0
B827EBD93671,2020-11-24,22:49:56,26.3,69.4,15.0,0.0,0.0
B827EBD93671,2020-11-24,22:54:57,26.3,69.41,14.0,0.0,0.0
B827EBD93671,2020-11-24,23:20:01,26.34,69.35,13.0,0.0,0.0
B827EBD93671,2020-11-24,23:45:06,26.6,67.0,11.0,0.0,0.0
B827EBE3E383,2020-11-24,05:25:59,26.74,46.63,8.0,0.0,0.0
B827EBE3E383,2020-11-24,05:31:00,27.04,45.43,8.0,0.0,0.0
B827EBE3E383,2020-11-24,05:46:03,27.65,43.73,8.0,0.0,0.0
B827EBE3E383,2020-11-24,05:51:04,27.74,43.35,10.0,0.0,0.0
B827EBE3E383,2020-11-24,05:56:05,27.8,43.05,10.0,0.0,0.0
B827EBE3E383,2020-11-24,06:26:10,28.01,41.74,9.0,0.0,0.0
B827EBE3E383,2020-11-24,06:31:11,28.04,41.68,9.0,0.0,0.0
B827EBE3E383,2020-11-24,06:46:14,28.14,41.03,11.0,0.0,0.0
B827EBE3E383,2020-11-24,06:51:14,28.16,41.03,10.0,0.0,0.0
B827EBE3E383,2020-11-24,07:06:17,28.25,40.56,10.0,0.0,0.0
B827EBE3E383,2020-11-24,07:11:18,28.29,40.41,11.0,0.0,0.0
B827EBE3E383,2020-11-24,07:16:19,28.33,40.24,8.0,0.0,0.0
B827EBE3E383,2020-11-24,07:21:19,28.39,40.13,10.0,0.0,0.0
B827EBE3E383,2020-11-24,07:26:20,28.4,40.04,11.0,0.0,0.0
B827EBE3E383,2020-11-24,07:31:21,28.43,40.02,11.0,0.0,0.0
B827EBE3E383,2020-11-24,07:41:23,28.51,39.66,9.0,0.0,0.0
B827EBE3E383,2020-11-24,08:11:28,28.66,39.06,10.0,0.0,0.0
B827EBE3E383,2020-11-24,08:16:29,28.68,39.01,11.0,0.0,0.0
B827EBE3E383,2020-11-24,08:21:29,28.73,38.94,9.0,0.0,0.0
B827EBE3E383,2020-11-24,08:36:32,28.77,38.85,10.0,0.0,0.0
B827EBE3E383,2020-11-24,09:36:49,28.89,38.43,10.0,0.0,0.0
B827EBE3E383,2020-11-24,09:41:50,28.89,38.34,9.0,0.0,0.0
B827EBE3E383,2020-11-24,09:46:50,28.89,38.38,8.0,0.0,0.0
B827EBE3E383,2020-11-24,09:51:51,28.91,38.43,8.0,0.0,0.0
B827EBE3E383,2020-11-24,09:56:52,28.91,38.41,10.0,0.0,0.0
B827EBE3E383,2020-11-24,10:01:53,28.92,38.37,10.0,0.0,0.0
B827EBE3E383,2020-11-24,10:06:54,28.96,38.45,8.0,0.0,0.0
B827EBE3E383,2020-11-24,10:11:54,28.95,38.55,10.0,0.0,0.0
B827EBE3E383,2020-11-24,10:16:55,28.95,38.53,10.0,0.0,0.0
B827EBE3E383,2020-11-24,10:21:56,28.99,38.53,10.0,0.0,0.0
B827EBE3E383,2020-11-24,10:31:58,28.99,38.47,8.0,0.0,0.0
B827EBE3E383,2020-11-24,10:36:58,28.99,38.4,10.0,0.0,0.0
B827EBE3E383,2020-11-24,10:41:59,28.99,38.39,8.0,0.0,0.0
B827EBE3E383,2020-11-24,10:47:00,29.01,38.38,10.0,0.0,0.0
B827EBE3E383,2020-11-24,10:52:01,29.01,38.42,9.0,0.0,0.0
B827EBE3E383,2020-11-24,11:02:02,29.02,38.5,8.0,0.0,0.0
B827EBE3E383,2020-11-24,11:22:06,29.05,38.43,8.0,0.0,0.0
B827EBE3E383,2020-11-24,12:12:15,29.09,38.27,5.0,0.0,0.0
B827EBE3E383,2020-11-24,12:17:16,29.06,38.3,7.0,0.0,0.0
B827EBE3E383,2020-11-24,12:22:17,29.09,38.24,7.0,0.0,0.0
B827EBE3E383,2020-11-24,17:08:20,29.23,37.76,5.0,0.0,0.0
B827EBE3E383,2020-11-24,17:13:21,29.26,37.71,4.0,0.0,0.0
B827EBE3E383,2020-11-24,17:18:22,29.25,37.64,5.0,0.0,0.0
B827EBE3E383,2020-11-24,17:23:23,29.23,37.6,4.0,0.0,0.0
B827EBE3E383,2020-11-24,18:38:36,29.29,37.61,5.0,0.0,0.0
B827EBE3E383,2020-11-24,18:48:38,29.29,37.57,5.0,0.0,0.0
B827EBE3E383,2020-11-24,18:53:39,29.3,37.57,4.0,0.0,0.0
B827EBE3E383,2020-11-24,18:58:41,29.3,37.45,5.0,0.0,0.0
B827EBE3E383,2020-11-24,19:03:43,29.28,37.52,5.0,0.0,0.0
B827EBE3E383,2020-11-24,19:08:44,29.26,37.5,5.0,0.0,0.0
B827EBE3E383,2020-11-24,19:13:45,29.28,37.5,4.0,0.0,0.0
B827EBE3E383,2020-11-24,19:28:47,29.29,37.63,5.0,0.0,0.0
B827EBE3E383,2020-11-24,19:33:48,29.3,37.56,4.0,0.0,0.0
B827EBE3E383,2020-11-24,19:38:49,29.3,37.61,5.0,0.0,0.0
B827EBE3E383,2020-11-24,19:43:50,29.29,37.5,4.0,0.0,0.0
B827EBE3E383,2020-11-24,19:48:51,29.33,37.51,4.0,0.0,0.0
B827EBE3E383,2020-11-24,19:58:52,29.3,37.49,5.0,0.0,0.0
B827EBE3E383,2020-11-24,20:13:55,29.32,37.65,4.0,0.0,0.0
B827EBE3E383,2020-11-24,20:18:56,29.33,37.59,3.0,0.0,0.0
B827EBE3E383,2020-11-24,20:23:57,29.33,37.52,3.0,0.0,0.0
B827EBE3E383,2020-11-24,20:28:57,29.32,37.49,4.0,0.0,0.0
B827EBE3E383,2020-11-24,20:38:59,29.34,37.43,5.0,0.0,0.0
B827EBE3E383,2020-11-24,20:44:00,29.34,37.45,4.0,0.0,0.0
B827EBE3E383,2020-11-24,20:49:01,29.33,37.48,4.0,0.0,0.0
B827EBE3E383,2020-11-24,20:54:02,29.33,37.55,3.0,0.0,0.0
B827EBE3E383,2020-11-24,21:09:04,29.36,37.5,5.0,0.0,0.0
B827EBE3E383,2020-11-24,21:14:05,29.33,37.47,6.0,0.0,0.0
B827EBE3E383,2020-11-24,21:19:06,29.37,37.37,4.0,0.0,0.0
B827EBE3E383,2020-11-24,21:24:07,29.34,37.41,5.0,0.0,0.0
B827EBE3E383,2020-11-24,21:29:08,29.34,37.39,4.0,0.0,0.0
B827EBE3E383,2020-11-24,21:34:16,29.33,37.34,4.0,0.0,0.0
B827EBE3E383,2020-11-24,21:39:17,29.36,37.31,4.0,0.0,0.0
B827EBE3E383,2020-11-24,21:44:18,29.34,37.31,5.0,0.0,0.0
B827EBE3E383,2020-11-24,21:49:18,29.36,37.42,4.0,0.0,0.0
B827EBE3E383,2020-11-24,21:54:19,29.34,37.41,4.0,0.0,0.0
B827EBE3E383,2020-11-24,21:59:35,29.34,37.41,5.0,0.0,0.0
B827EBE3E383,2020-11-24,22:04:36,29.34,37.48,4.0,0.0,0.0
B827EBE3E383,2020-11-24,22:24:39,29.4,37.28,4.0,0.0,0.0
B827EBE3E383,2020-11-24,22:29:40,29.39,37.25,4.0,0.0,0.0
B827EBE3E383,2020-11-24,22:34:41,29.37,37.29,4.0,0.0,0.0
B827EBE3E383,2020-11-24,23:49:53,29.43,37.32,5.0,0.0,0.0
B827EBE3E383,2020-11-24,23:59:55,29.4,37.45,4.0,0.0,0.0
